0.015138000000000013 0
0.00037099999999999633 1
0.00037099999999999633 0
0.0003630000000000022 1
0.0003690000000000082 0
0.00036899999999999433 1
0.00036999999999999533 0
0.0003690000000000082 1
0.00036999999999999533 0
0.0003690000000000082 1
0.00036899999999999433 0
0.00036999999999999533 1
0.0003700000000000092 0
0.00036999999999999533 1
0.00036999999999999533 0
0.0003700000000000092 1
0.0003529999999999922 0
0.00038000000000000533 1
0.00036899999999999433 0
0.0003710000000000102 1
0.00036999999999999533 0
0.00036999999999999533 1
0.00037099999999999633 0
0.0003690000000000082 1
0.003684999999999994 0
0.00039900000000001046 1
0.0007119999999999904 0
0.00039800000000000946 1
0.0007109999999999894 0
0.0007670000000000038 1
0.0003520000000000051 0
0.00037099999999999633 1
0.0007439999999999947 0
0.0007400000000000045 1
0.00036999999999999533 0
0.0003710000000000102 1
0.0007399999999999907 0
0.0003710000000000102 1
0.0007409999999999917 0
0.0007230000000000014 1
0.00037099999999999633 0
0.0007500000000000007 1
0.0003710000000000102 0
0.00037099999999999633 1
0.0007419999999999927 0
0.0003700000000000092 1
0.0007399999999999907 0
0.00037399999999999933 1
0.0007300000000000084 0
0.0007489999999999997 1
0.00036999999999999533 0
0.0007400000000000045 1
0.0003710000000000102 0
0.00037199999999998346 1
0.0007399999999999907 0
0.0007130000000000192 1
0.00037099999999998245 0
0.0003840000000000232 1
0.0007409999999999917 0
0.0003690000000000082 1
0.0007399999999999907 0
0.0003700000000000092 1
0.0007409999999999917 0
0.0007419999999999927 1
0.0003700000000000092 0
0.0007260000000000044 1
0.00037099999999998245 0
0.0003700000000000092 1
0.0007449999999999957 0
0.0003710000000000102 1
0.0007399999999999907 0
0.0007399999999999907 1
0.0003700000000000092 0
0.0007399999999999907 1
0.0003820000000000212 0
0.0003439999999999832 1
0.0007410000000000194 0
0.0007409999999999917 1
0.0003700000000000092 0
0.00036999999999998145 1
0.0007390000000000174 0
0.0007409999999999917 1
0.0003710000000000102 0
0.0007519999999999749 1
0.0003710000000000102 0
0.0003700000000000092 1
0.0007419999999999927 0
0.0007139999999999924 1
0.0003780000000000172 0
0.00037099999999998245 1
0.0007420000000000204 0
0.0007519999999999749 1
0.0003700000000000092 0
0.0003720000000000112 1
0.0007399999999999907 0
0.0003700000000000092 1
0.0007409999999999917 0
0.0007399999999999907 1
0.0003720000000000112 0
0.0007119999999999904 1
0.0003820000000000212 0
0.00036999999999998145 1
0.0007419999999999927 0
0.0003700000000000092 1
0.0007489999999999997 0
0.0003710000000000102 1
0.0007449999999999957 0
0.0007139999999999924 1
0.0003710000000000102 0
0.00038199999999999346 1
0.0007419999999999927 0
0.0007370000000000154 1
0.00036899999999998045 0
0.0003700000000000092 1
0.0007409999999999917 0
0.0007400000000000184 1
0.00036899999999998045 0
0.0003690000000000082 1
0.0007530000000000037 0
0.0007399999999999907 1
0.0003700000000000092 0
0.0003690000000000082 1
0.0007439999999999947 0
0.00034200000000000896 1
0.0007669999999999899 0
0.00034200000000000896 1
0.0007579999999999809 0
0.0007400000000000184 1
0.00036799999999997945 0
0.0007400000000000184 1
0.00036899999999998045 0
0.0007400000000000184 1
0.0003690000000000082 0
0.0007389999999999897 1
0.0003700000000000092 0
0.0007220000000000004 1
0.0003979999999999817 0
0.0007380000000000164 1
0.00036899999999998045 0
0.0007390000000000174 1
0.00036999999999998145 0
0.0007160000000000222 1
0.0003979999999999817 0
0.0007209999999999994 1
0.0003720000000000112 0
0.0007399999999999907 1
0.0003710000000000102 0
0.00036999999999998145 1
0.0007390000000000174 0
0.0007389999999999897 1
0.0003710000000000102 0
0.0007399999999999907 1
0.0003780000000000172 0
0.00037099999999998245 1
0.0007400000000000184 0
0.00036999999999998145 1
0.015138000000000013 0
0.00037099999999999633 1
0.00037099999999999633 0
0.0003630000000000022 1
0.0003690000000000082 0
0.00036899999999999433 1
0.00036999999999999533 0
0.0003690000000000082 1
0.00036999999999999533 0
0.0003690000000000082 1
0.00036899999999999433 0
0.00036999999999999533 1
0.0003700000000000092 0
0.00036999999999999533 1
0.00036999999999999533 0
0.0003700000000000092 1
0.0003529999999999922 0
0.00038000000000000533 1
0.00036899999999999433 0
0.0003710000000000102 1
0.00036999999999999533 0
0.00036999999999999533 1
0.00037099999999999633 0
0.0003690000000000082 1
0.003684999999999994 0
0.00039900000000001046 1
0.0007119999999999904 0
0.00039800000000000946 1
0.0007109999999999894 0
0.0007670000000000038 1
0.0003520000000000051 0
0.00037099999999999633 1
0.0007439999999999947 0
0.0007400000000000045 1
0.00036999999999999533 0
0.0003710000000000102 1
0.0007399999999999907 0
0.0003710000000000102 1
0.0007409999999999917 0
0.0007230000000000014 1
0.00037099999999999633 0
0.0007500000000000007 1
0.0003710000000000102 0
0.00037099999999999633 1
0.0007419999999999927 0
0.0003700000000000092 1
0.0007399999999999907 0
0.00037399999999999933 1
0.0007300000000000084 0
0.0007489999999999997 1
0.00036999999999999533 0
0.0007400000000000045 1
0.0003710000000000102 0
0.00037199999999998346 1
0.0007399999999999907 0
0.0007130000000000192 1
0.00037099999999998245 0
0.0003840000000000232 1
0.0007409999999999917 0
0.0003690000000000082 1
0.0007399999999999907 0
0.0003700000000000092 1
0.0007409999999999917 0
0.0007419999999999927 1
0.0003700000000000092 0
0.0007260000000000044 1
0.00037099999999998245 0
0.0003700000000000092 1
0.0007449999999999957 0
0.0003710000000000102 1
0.0007399999999999907 0
0.0007399999999999907 1
0.0003700000000000092 0
0.0007399999999999907 1
0.0003820000000000212 0
0.0003439999999999832 1
0.0007410000000000194 0
0.0007409999999999917 1
0.0003700000000000092 0
0.00036999999999998145 1
0.0007390000000000174 0
0.0007409999999999917 1
0.0003710000000000102 0
0.0007519999999999749 1
0.0003710000000000102 0
0.0003700000000000092 1
0.0007419999999999927 0
0.0007139999999999924 1
0.0003780000000000172 0
0.00037099999999998245 1
0.0007420000000000204 0
0.0007519999999999749 1
0.0003700000000000092 0
0.0003720000000000112 1
0.0007399999999999907 0
0.0003700000000000092 1
0.0007409999999999917 0
0.0007399999999999907 1
0.0003720000000000112 0
0.0007119999999999904 1
0.0003820000000000212 0
0.00036999999999998145 1
0.0007419999999999927 0
0.0003700000000000092 1
0.0007489999999999997 0
0.0003710000000000102 1
0.0007449999999999957 0
0.0007139999999999924 1
0.0003710000000000102 0
0.00038199999999999346 1
0.0007419999999999927 0
0.0007370000000000154 1
0.00036899999999998045 0
0.0003700000000000092 1
0.0007409999999999917 0
0.0007400000000000184 1
0.00036899999999998045 0
0.0003690000000000082 1
0.0007530000000000037 0
0.0007399999999999907 1
0.0003700000000000092 0
0.0003690000000000082 1
0.0007439999999999947 0
0.00034200000000000896 1
0.0007669999999999899 0
0.00034200000000000896 1
0.0007579999999999809 0
0.0007400000000000184 1
0.00036799999999997945 0
0.0007400000000000184 1
0.00036899999999998045 0
0.0007400000000000184 1
0.0003690000000000082 0
0.0007389999999999897 1
0.0003700000000000092 0
0.0007220000000000004 1
0.0003979999999999817 0
0.0007380000000000164 1
0.00036899999999998045 0
0.0007390000000000174 1
0.00036999999999998145 0
0.0007160000000000222 1
0.0003979999999999817 0
0.0007209999999999994 1
0.0003720000000000112 0
0.0007399999999999907 1
0.0003710000000000102 0
0.00036999999999998145 1
0.0007390000000000174 0
0.0007389999999999897 1
0.0003710000000000102 0
0.0007399999999999907 1
0.0003780000000000172 0
0.00037099999999998245 1
0.0007400000000000184 0
0.00036999999999998145 1
0.015138000000000013 0
