0.000141 0
0.000335 1
0.000777 0
0.000748 1
0.000389 0
0.000698 1
0.000396 0
0.000766 1
0.000337 0
0.000758 1
0.000358 0
0.000723 1
0.000397 0
0.000755 1
0.000324 0
0.000757 1
0.000377 0
0.000717 1
0.000419 0
0.000678 1
0.000395 0
0.000767 1
0.000359 0
0.000359 1
0.000757 0
0.000717 1
0.000395 0
0.000718 1
0.000358 0
0.000393 1
0.000733 0
0.000359 1
0.015197 0
0.000322 1
0.000395 0
0.000396 1
0.000323 0
0.000394 1
0.000372 0
0.00036 1
0.000396 0
0.000325 1
0.000393 0
0.000341 1
0.000394 0
0.000394 1
0.000323 0
0.000394 1
0.000358 0
0.000394 1
0.00036 0
0.000358 1
0.000395 0
0.000321 1
0.000393 0
0.000378 1
0.003687 0
0.000754 1
0.000358 0
0.000394 1
0.00073 0
0.000717 1
0.000395 0
0.000357 1
0.000752 0
0.000717 1
0.000394 0
0.000323 1
0.00078 0
0.000751 1
0.00036 0
0.00036 1
0.000765 0
0.000323 1
0.000786 0
0.000716 1
0.000357 0
0.000394 1
0.000714 0
0.000358 1
0.000788 0
0.000716 1
0.000372 0
0.000395 1
0.000716 0
0.000726 1
0.000392 0
0.000358 1
0.000753 0
0.000358 1
0.000751 0
0.000357 1
0.000752 0
0.000696 1
0.000429 0
0.000358 1
0.000717 0
0.000393 1
0.000714 0
0.000358 1
0.000786 0
0.000714 1
0.000358 0
0.000395 1
0.000724 0
0.000715 1
0.00043 0
0.000715 1
0.000358 0
0.000751 1
0.000358 0
0.000394 1
0.000755 0
0.000679 1
0.000394 0
0.000764 1
0.00036 0
0.000359 1
0.000751 0
0.000322 1
0.000786 0
0.000357 1
0.000747 0
0.000753 1
0.000357 0
0.000358 1
0.000762 0
0.000323 1
0.000757 0
0.000752 1
0.000359 0
0.000719 1
0.000431 0
0.000322 1
0.000753 0
0.000393 1
0.000715 0
0.000369 1
0.000755 0
0.000716 1
0.000395 0
0.00036 1
0.000753 0
0.000751 1
0.000357 0
0.000358 1
0.000751 0
0.000736 1
0.000347 0
0.000395 1
0.00072 0
0.000718 1
0.00043 0
0.000323 1
0.000752 0
0.000395 1
0.000717 0
0.000393 1
0.000743 0
0.000698 1
0.000396 0
0.000754 1
0.000358 0
0.000753 1
0.000358 0
0.000719 1
0.000395 0
0.000754 1
0.000359 0
0.00072 1
0.000372 0
0.000715 1
0.00043 0
0.000713 1
0.000358 0
0.000752 1
0.000358 0
0.000714 1
0.000428 0
0.000321 1
0.000751 0
0.000764 1
0.000358 0
0.000753 1
0.000388 0
0.000304 1
0.000786 0
0.000367 1
0.015148 0
0.000373 1
0.000358 0
0.000394 1
0.000358 0
0.000358 1
0.000394 0
0.000323 1
0.000395 0
0.000394 1
0.000358 0
0.000393 1
0.000325 0
0.000395 1
0.000359 0
0.000358 1
0.000394 0
0.00036 1
0.000371 0
0.000393 1
0.000358 0
0.000359 1
0.000358 0
0.000394 1
0.003687 0
0.00073 1
0.000394 0
0.000359 1
0.000715 0
0.000788 1
0.000321 0
0.000392 1
0.000752 0
0.000751 1
0.000357 0
0.000357 1
0.000727 0
0.00075 1
0.000395 0
0.000322 1
0.000751 0
0.000394 1
0.000717 0
0.000751 1
0.000392 0
0.000321 1
0.000785 0
0.000368 1
0.000714 0
0.000751 1
0.000357 0
0.000358 1
0.000789 0
0.000711 1
0.000358 0
0.000393 1
0.000715 0
0.000395 1
0.000732 0
0.000358 1
0.000755 0
0.000753 1
0.000359 0
0.000359 1
0.000752 0
0.000322 1
0.000788 0
0.000358 1
0.000717 0
0.000767 1
0.000359 0
0.000359 1
0.000784 0
0.000717 1
0.000358 0
0.000754 1
0.000362 0
0.000718 1
0.000396 0
0.00036 1
0.000741 0
0.000754 1
0.000361 0
0.00072 1
0.000395 0
0.000324 1
0.00079 0
0.00036 1
0.000719 0
0.000395 1
0.000753 0
0.000711 1
0.000396 0
0.000361 1
0.00072 0
0.000395 1
0.000719 0
0.000718 1
0.000431 0
0.000721 1
0.00036 0
0.00036 1
0.000731 0
0.000397 1
0.000756 0
0.000324 1
0.000755 0
0.000752 1
0.00036 0
0.00036 1
0.000751 0
0.000718 1
0.000395 0
0.000371 1
0.000718 0
0.000756 1
0.000394 0
0.000322 1
0.000789 0
0.000715 1
0.000358 0
0.000394 1
0.000715 0
0.000359 1
0.000802 0
0.000324 1
0.000753 0
0.000753 1
0.000358 0
0.000718 1
0.000394 0
0.000719 1
0.000396 0
0.000718 1
0.000395 0
0.000731 1
0.000395 0
0.000682 1
0.000395 0
0.000753 1
0.000359 0
0.000752 1
0.000357 0
0.00071 1
0.000433 0
0.00069 1
0.000397 0
0.000359 1
0.000753 0
0.000716 1
0.000393 0
0.000718 1
0.000358 0
0.000396 1
0.000717 0
0.000394 1
0.015157 0
0.000347 1
0.000419 0
0.000328 1
0.000361 0
0.000395 1
0.000358 0
0.000395 1
0.000358 0
0.00036 1
0.000396 0
0.000323 1
0.00042 0
0.000332 1
0.000359 0
0.000396 1
0.000358 0
0.000395 1
0.000358 0
0.000358 1
0.000394 0
0.000323 1
0.000395 0
0.000377 1
0.003687 0
0.000752 1
0.000359 0
0.000394 1
0.000718 0
0.000717 1
0.000401 0
0.00036 1
0.000752 0
0.000732 1
0.00036 0
0.00036 1
0.000788 0
0.000718 1
0.00036 0
0.000395 1
0.000715 0
0.000395 1
0.000718 0
0.00073 1
0.000358 0
0.000394 1
0.000717 0
0.000395 1
0.000753 0
0.000684 1
0.000396 0
0.000397 1
0.000718 0
0.000736 1
0.000368 0
0.000337 1
0.000792 0
0.000358 1
0.000718 0
0.000395 1
0.000716 0
0.000717 1
0.000431 0
0.000323 1
0.000753 0
0.000394 1
0.000742 0
0.000358 1
0.000754 0
0.000718 1
0.00036 0
0.000394 1
0.000716 0
0.000751 1
0.000394 0
0.000683 1
0.000429 0
0.000729 1
0.000357 0
0.000394 1
0.000717 0
0.000716 1
0.000394 0
0.000751 1
0.000358 0
0.000393 1
0.00072 0
0.000358 1
0.000765 0
0.000323 1
0.000749 0
0.000753 1
0.000359 0
0.000394 1
0.000754 0
0.000324 1
0.000751 0
0.000754 1
0.000358 0
0.000771 1
0.000359 0
0.000323 1
0.00079 0
0.000358 1
0.000752 0
0.000357 1
0.000752 0
0.000715 1
0.000388 0
0.000332 1
0.000777 0
0.000755 1
0.00036 0
0.000358 1
0.000755 0
0.000718 1
0.00036 0
0.000397 1
0.00072 0
0.000756 1
0.00036 0
0.000337 1
0.000789 0
0.000359 1
0.00072 0
0.000395 1
0.000719 0
0.00072 1
0.000432 0
0.000721 1
0.000359 0
0.000732 1
0.000397 0
0.000685 1
0.000432 0
0.000721 1
0.000358 0
0.000756 1
0.00036 0
0.000719 1
0.000396 0
0.000717 1
0.000396 0
0.000729 1
0.000357 0
0.000752 1
0.000395 0
0.000323 1
0.000788 0
0.00071 1
0.000371 0
0.000754 1
0.00036 0
0.000359 1
0.000778 0
0.000322 1
0.015181 0
0.000396 1
0.000357 0
0.00036 1
0.000358 0
0.000359 1
0.000394 0
0.000336 1
0.000432 0
0.000359 1
0.000359 0
0.000358 1
0.000358 0
0.000395 1
0.00036 0
0.000359 1
0.000395 0
0.000323 1
0.00043 0
0.000359 1
0.00036 0
0.000359 1
0.00036 0
0.000395 1
0.003671 0
0.000718 1
0.000431 0
0.000322 1
0.000754 0
0.000766 1
0.00036 0
0.000359 1
0.000754 0
0.000683 1
0.000431 0
0.000359 1
0.000745 0
0.000718 1
0.000361 0
0.000359 1
0.000799 0
0.000325 1
0.000757 0
0.000755 1
0.000357 0
0.000359 1
0.000757 0
0.000323 1
0.000755 0
0.000754 1
0.00036 0
0.000396 1
0.000736 0
0.000719 1
0.000367 0
0.000396 1
0.000718 0
0.000395 1
0.000754 0
0.000323 1
0.000789 0
0.000716 1
0.00037 0
0.000361 1
0.000719 0
0.00036 1
0.000791 0
0.000324 1
0.000756 0
0.000754 1
0.000361 0
0.000358 1
0.000793 0
0.000663 1
0.000396 0
0.000757 1
0.000359 0
0.000754 1
0.000394 0
0.000322 1
0.000755 0
0.000752 1
0.000359 0
0.000754 1
0.00037 0
0.000324 1
0.000792 0
0.00036 1
0.000719 0
0.000396 1
0.00072 0
0.000718 1
0.000395 0
0.000358 1
0.000754 0
0.00036 1
0.000735 0
0.000718 1
0.000431 0
0.000684 1
0.000396 0
0.00036 1
0.000757 0
0.00036 1
0.000753 0
0.000323 1
0.000802 0
0.000721 1
0.000353 0
0.000396 1
0.000717 0
0.000717 1
0.000428 0
0.000322 1
0.000753 0
0.000752 1
0.000358 0
0.000393 1
0.000729 0
0.000733 1
0.000359 0
0.000394 1
0.000717 0
0.000394 1
0.000753 0
0.000324 1
0.000749 0
0.000754 1
0.000371 0
0.000723 1
0.000395 0
0.000684 1
0.000436 0
0.000727 1
0.000342 0
0.000773 1
0.000369 0
0.000711 1
0.000414 0
0.000697 1
0.000373 0
0.000747 1
0.000375 0
0.000712 1
0.000414 0
0.000687 1
0.000396 0
0.000395 1
0.000718 0
0.000755 1
0.000394 0
0.000671 1
0.000431 0
0.000358 1
0.000718 0
0.000394 1
0.015156 0
0.000322 1
0.00043 0
0.000314 1
0.000432 0
0.000323 1
0.000396 0
0.00036 1
0.000361 0
0.00036 1
0.000395 0
0.000323 1
0.000433 0
0.000324 1
0.000397 0
0.000359 1
0.000358 0
0.000393 1
0.000358 0
0.000368 1
0.000359 0
0.000358 1
0.000429 0
0.000323 1
0.003716 0
0.000754 1
0.000336 0
0.000393 1
0.000717 0
0.000714 1
0.000448 0
0.000322 1
0.00075 0
0.00075 1
0.000359 0
0.000359 1
0.000785 0
0.000695 1
0.000395 0
0.000358 1
0.000717 0
0.000395 1
0.000751 0
0.000679 1
0.00043 0
0.000359 1
0.000715 0
0.000393 1
0.000728 0
0.000716 1
0.000429 0
0.000322 1
0.000751 0
0.000753 1
0.000351 0
0.000394 1
0.000751 0
0.000321 1
0.000751 0
0.000407 1
0.000717 0
0.000754 1
0.000395 0
0.000323 1
0.000754 0
0.000359 1
0.000752 0
0.000359 1
0.000752 0
0.000717 1
0.000407 0
0.000321 1
0.000747 0
0.000757 1
0.000359 0
0.000717 1
0.000431 0
0.000716 1
0.000359 0
0.000394 1
0.000715 0
0.000734 1
0.000395 0
0.00072 1
0.000358 0
0.000394 1
0.000718 0
0.000395 1
0.000751 0
0.000323 1
0.000786 0
0.00072 1
0.000383 0
0.000358 1
0.000754 0
0.000321 1
0.000788 0
0.000718 1
0.000357 0
0.000752 1
0.000393 0
0.000358 1
0.000752 0
0.000334 1
0.000755 0
0.000396 1
0.000718 0
0.000753 1
0.000388 0
0.000324 1
0.000752 0
0.000753 1
0.00036 0
0.000393 1
0.00073 0
0.00072 1
0.000393 0
0.000359 1
0.000716 0
0.000752 1
0.000359 0
0.000359 1
0.00079 0
0.000322 1
0.000753 0
0.000371 1
0.000742 0
0.000727 1
0.000395 0
0.000717 1
0.000409 0
0.000717 1
0.000359 0
0.000753 1
0.000395 0
0.00068 1
0.000443 0
0.000715 1
0.000359 0
0.000752 1
0.000359 0
0.000718 1
0.000393 0
0.000754 1
0.000344 0
0.000728 1
0.000379 0
0.000356 1
0.000783 0
0.000709 1
0.00037 0
0.000748 1
0.00037 0
0.000365 1
0.000761 0
0.000324 1
0.015218 0
0.000359 1
0.000358 0
0.000358 1
0.000359 0
0.000395 1
0.000359 0
0.000359 1
0.000393 0
0.000322 1
0.000429 0
0.000357 1
0.000358 0
0.000395 1
0.000334 0
0.000399 1
0.000359 0
0.000325 1
0.000432 0
0.000324 1
0.000396 0
0.000359 1
0.000395 0
0.00036 1
0.003697 0
0.000752 1
0.000358 0
0.000322 1
0.000787 0
0.000751 1
0.000357 0
0.000359 1
0.000751 0
0.000716 1
0.000409 0
0.000324 1
0.000751 0
0.000751 1
0.000358 0
0.000394 1
0.000751 0
0.000322 1
0.000761 0
0.000753 1
0.000357 0
0.000384 1
0.000754 0
0.000322 1
0.000789 0
0.000718 1
0.000359 0
0.000395 1
0.000716 0
0.00072 1
0.000427 0
0.000328 1
0.00073 0
0.000393 1
0.000752 0
0.000359 1
0.000751 0
0.000715 1
0.000393 0
0.000356 1
0.000751 0
0.000377 1
0.000751 0
0.000299 1
0.000786 0
0.000752 1
0.000358 0
0.000358 1
0.000752 0
0.000716 1
0.000395 0
0.000752 1
0.000357 0
0.000752 1
0.000335 0
0.000358 1
0.000789 0
0.000717 1
0.00036 0
0.000753 1
0.000359 0
0.000395 1
0.000727 0
0.000357 1
0.000753 0
0.000376 1
0.000717 0
0.000771 1
0.000358 0
0.000322 1
0.000788 0
0.000357 1
0.000752 0
0.000752 1
0.000356 0
0.000716 1
0.000413 0
0.000323 1
0.000752 0
0.000394 1
0.000716 0
0.000358 1
0.000788 0
0.000715 1
0.000357 0
0.000391 1
0.000716 0
0.00073 1
0.00042 0
0.000323 1
0.000751 0
0.00075 1
0.000358 0
0.000392 1
0.00075 0
0.00068 1
0.000429 0
0.000359 1
0.000728 0
0.000359 1
0.000752 0
0.000358 1
0.000789 0
0.000717 1
0.000358 0
0.000753 1
0.000359 0
0.000716 1
0.000394 0
0.000696 1
0.000392 0
0.000753 1
0.000358 0
0.000751 1
0.000394 0
0.00068 1
0.00043 0
0.000718 1
0.000356 0
0.000764 1
0.000361 0
0.000714 1
0.00043 0
0.000322 1
0.000751 0
0.000748 1
0.000358 0
0.000717 1
0.00043 0
0.000322 1
0.000752 0
0.000378 1
0.015147 0
0.000393 1
0.000357 0
0.000357 1
0.000393 0
0.000323 1
0.000393 0
0.000392 1
0.00037 0
0.000355 1
0.000355 0
0.000392 1
0.00039 0
0.00032 1
0.00039 0
0.000337 1
0.000392 0
0.000391 1
0.000356 0
0.000392 1
0.000357 0
0.000392 1
0.000355 0
0.000321 1
0.003749 0
0.00071 1
0.000392 0
0.000391 1
0.000711 0
0.000759 1
0.000391 0
0.00032 1
0.000784 0
0.000712 1
0.000355 0
0.000391 1
0.000711 0
0.000742 1
0.000393 0
0.000357 1
0.000756 0
0.00036 1
0.000749 0
0.00071 1
0.000391 0
0.000355 1
0.000747 0
0.000391 1
0.000712 0
0.000748 1
0.000392 0
0.000321 1
0.000762 0
0.000749 1
0.000356 0
0.000387 1
0.00075 0
0.000321 1
0.000786 0
0.000356 1
0.000749 0
0.000747 1
0.000366 0
0.000321 1
0.000784 0
0.000334 1
0.000781 0
0.000356 1
0.000751 0
0.000715 1
0.000394 0
0.000321 1
0.000785 0
0.000758 1
0.000356 0
0.00075 1
0.000358 0
0.000714 1
0.000394 0
0.000356 1
0.00075 0
0.000749 1
0.000357 0
0.000714 1
0.000404 0
0.000357 1
0.000748 0
0.000356 1
0.000749 0
0.000356 1
0.000785 0
0.000691 1
0.000393 0
0.000355 1
0.000747 0
0.000365 1
0.000754 0
0.000715 1
0.000393 0
0.000751 1
0.000357 0
0.000357 1
0.000784 0
0.000321 1
0.000787 0
0.000357 1
0.000727 0
0.00075 1
0.000359 0
0.000352 1
0.000788 0
0.000687 1
0.000372 0
0.000374 1
0.000732 0
0.000731 1
0.000409 0
0.000335 1
0.000746 0
0.000745 1
0.000374 0
0.000371 1
0.000745 0
0.00036 1
0.000753 0
0.000358 1
0.00075 0
0.000758 1
0.000357 0
0.000718 1
0.000395 0
0.000751 1
0.000358 0
0.000749 1
0.000356 0
0.000711 1
0.000427 0
0.000714 1
0.000357 0
0.000739 1
0.000358 0
0.000751 1
0.000392 0
0.000713 1
0.000394 0
0.000721 1
0.000359 0
0.000393 1
0.000749 0
0.000714 1
0.000406 0
0.000717 1
0.000357 0
0.000392 1
0.000712 0
0.000374 1
0.015184 0
0.000322 1
0.000404 0
0.000392 1
0.000356 0
0.000357 1
0.000357 0
0.000393 1
0.000393 0
0.000322 1
0.000392 0
0.000356 1
0.000393 0
0.000357 1
0.000358 0
0.000392 1
0.000356 0
0.000392 1
0.000369 0
0.000323 1
0.00043 0
0.000323 1
0.000392 0
0.000359 1
0.003693 0
0.000767 1
0.000358 0
0.000358 1
0.000751 0
0.000716 1
0.000393 0
0.000357 1
0.000751 0
0.000751 1
0.000358 0
0.000356 1
0.000763 0
0.000744 1
0.000357 0
0.000357 1
0.00075 0
0.000359 1
0.00075 0
0.000747 1
0.000356 0
0.000392 1
0.000715 0
0.000378 1
0.000754 0
0.000716 1
0.000358 0
0.000392 1
0.000715 0
0.000751 1
0.000393 0
0.000345 1
0.000758 0
0.000357 1
0.000729 0
0.000393 1
0.000748 0
0.000713 1
0.000393 0
0.000357 1
0.00075 0
0.000356 1
0.00075 0
0.000356 1
0.00075 0
0.000761 1
0.000359 0
0.000358 1
0.00075 0
0.000714 1
0.000393 0
0.000716 1
0.000394 0
0.00075 1
0.000358 0
0.000358 1
0.000771 0
0.000678 1
0.000394 0
0.000751 1
0.000358 0
0.000394 1
0.000749 0
0.000321 1
0.000785 0
0.000357 1
0.000713 0
0.000756 1
0.000357 0
0.000358 1
0.000788 0
0.000322 1
0.00075 0
0.000752 1
0.000358 0
0.000751 1
0.000394 0
0.000321 1
0.000765 0
0.000393 1
0.000717 0
0.000394 1
0.00075 0
0.00068 1
0.000429 0
0.000322 1
0.000749 0
0.000751 1
0.000358 0
0.000372 1
0.000752 0
0.00075 1
0.000358 0
0.000394 1
0.000716 0
0.000715 1
0.000393 0
0.000358 1
0.000751 0
0.000369 1
0.00073 0
0.000363 1
0.000773 0
0.000713 1
0.000381 0
0.000752 1
0.000368 0
0.000716 1
0.000406 0
0.000686 1
0.000433 0
0.000684 1
0.000403 0
0.000754 1
0.000332 0
0.000742 1
0.000405 0
0.000711 1
0.000362 0
0.000757 1
0.000373 0
0.00073 1
0.000396 0
0.000322 1
0.000749 0
0.000754 1
0.000357 0
0.000753 1
0.000405 0
0.000326 1
0.000754 0
0.000358 1
0.015162 0
0.000393 1
0.000358 0
0.000358 1
0.000395 0
0.000322 1
0.000429 0
0.000323 1
0.000395 0
0.000359 1
0.000359 0
0.000394 1
0.000357 0
0.000357 1
0.000408 0
0.000324 1
0.000395 0
0.000358 1
0.000358 0
0.000393 1
0.000359 0
0.000395 1
0.000357 0
0.000359 1
0.003717 0
0.000718 1
0.000394 0
0.000358 1
0.000715 0
0.000789 1
0.000323 0
0.000394 1
0.000752 0
0.000738 1
0.000359 0
0.000358 1
0.000754 0
0.000713 1
0.000395 0
0.000332 1
0.000754 0
0.000396 1
0.000715 0
0.000753 1
0.00037 0
0.000359 1
0.000753 0
0.000394 1
0.000716 0
0.000752 1
0.000358 0
0.00036 1
0.000753 0
0.000752 1
0.000359 0
0.000367 1
0.000718 0
0.000393 1
0.000752 0
0.000322 1
0.000752 0
0.00075 1
0.000357 0
0.000393 1
0.00075 0
0.000323 1
0.000766 0
0.000395 1
0.000718 0
0.000733 1
0.000395 0
0.000323 1
0.000789 0
0.00072 1
0.000359 0
0.000754 1
0.000358 0
0.000731 1
0.000395 0
0.000323 1
0.00079 0
0.000718 1
0.000395 0
0.000717 1
0.000394 0
0.000323 1
0.000754 0
0.000395 1
0.000731 0
0.000393 1
0.00075 0
0.000676 1
0.000431 0
0.000358 1
0.000716 0
0.000394 1
0.000716 0
0.000717 1
0.000395 0
0.000765 1
0.000358 0
0.000359 1
0.000753 0
0.000358 1
0.000754 0
0.000323 1
0.000787 0
0.000715 1
0.000393 0
0.000357 1
0.000759 0
0.000681 1
0.000394 0
0.000393 1
0.000717 0
0.00075 1
0.000392 0
0.000321 1
0.000784 0
0.00075 1
0.000357 0
0.000367 1
0.000718 0
0.000359 1
0.00079 0
0.000322 1
0.000754 0
0.000753 1
0.000359 0
0.000717 1
0.000429 0
0.000682 1
0.000407 0
0.000754 1
0.000358 0
0.000717 1
0.000393 0
0.000716 1
0.000409 0
0.000715 1
0.000359 0
0.000749 1
0.000358 0
0.000728 1
0.000395 0
0.000752 1
0.00036 0
0.000359 1
0.000754 0
0.000717 1
0.000393 0
0.000717 1
0.000394 0
0.000356 1
0.000727 0
0.000393 1
0.015172 0
0.000322 1
0.000429 0
0.000322 1
0.000394 0
0.000358 1
0.000358 0
0.000404 1
0.000358 0
0.000358 1
0.000394 0
0.000322 1
0.00043 0
0.000322 1
0.000394 0
0.000357 1
0.000358 0
0.000392 1
0.000357 0
0.000357 1
0.000393 0
0.000359 1
0.000393 0
0.000358 1
0.003698 0
0.000753 1
0.000358 0
0.000358 1
0.000754 0
0.000693 1
0.000431 0
0.000358 1
0.000716 0
0.000752 1
0.000359 0
0.000358 1
0.000787 0
0.000707 1
0.000358 0
0.000394 1
0.000728 0
0.000392 1
0.000751 0
0.000676 1
0.000392 0
0.000394 1
0.000716 0
0.000393 1
0.000749 0
0.000714 1
0.000394 0
0.000371 1
0.000715 0
0.000752 1
0.000358 0
0.000357 1
0.000786 0
0.000358 1
0.000714 0
0.000405 1
0.000715 0
0.000724 1
0.000395 0
0.000322 1
0.000786 0
0.000358 1
0.000749 0
0.000357 1
0.00075 0
0.000717 1
0.000393 0
0.000358 1
0.000751 0
0.00076 1
0.000358 0
0.000715 1
0.000394 0
0.00075 1
0.000358 0
0.000358 1
0.000751 0
0.000715 1
0.000394 0
0.00073 1
0.000357 0
0.000395 1
0.000717 0
0.000394 1
0.00073 0
0.000345 1
0.000743 0
0.000739 1
0.000385 0
0.000366 1
0.000783 0
0.000295 1
0.000783 0
0.000743 1
0.000376 0
0.000714 1
0.000367 0
0.00036 1
0.000788 0
0.000357 1
0.000719 0
0.000394 1
0.000708 0
0.000751 1
0.000396 0
0.000322 1
0.000752 0
0.000753 1
0.00036 0
0.000395 1
0.000753 0
0.000678 1
0.000394 0
0.000394 1
0.000713 0
0.000753 1
0.000394 0
0.000323 1
0.000785 0
0.000359 1
0.000715 0
0.000394 1
0.000716 0
0.000751 1
0.000379 0
0.000753 1
0.000359 0
0.000752 1
0.000357 0
0.000718 1
0.000395 0
0.000716 1
0.000394 0
0.000717 1
0.000395 0
0.000732 1
0.000394 0
0.000681 1
0.000395 0
0.000752 1
0.000358 0
0.000744 1
0.000399 0
0.000323 1
0.000789 0
0.000718 1
0.000373 0
0.000717 1
0.000394 0
0.000323 1
0.000788 0
0.000322 1
0.015203 0
0.000359 1
0.000359 0
0.000373 1
0.000395 0
0.000358 1
0.000396 0
0.000324 1
0.000394 0
0.00036 1
0.000358 0
0.000395 1
0.000358 0
0.000359 1
0.000358 0
0.000393 1
0.000358 0
0.00037 1
0.000394 0
0.00037 1
0.00036 0
0.000371 1
0.000359 0
0.000393 1
0.003693 0
0.000717 1
0.000407 0
0.000322 1
0.000752 0
0.000753 1
0.000359 0
0.000394 1
0.000752 0
0.000682 1
0.000393 0
0.000394 1
0.000718 0
0.00073 1
0.000388 0
0.000324 1
0.000788 0
0.000359 1
0.000752 0
0.000715 1
0.000394 0
0.000358 1
0.000754 0
0.000322 1
0.000774 0
0.000754 1
0.000358 0
0.000357 1
0.000752 0
0.000715 1
0.000393 0
0.000358 1
0.000745 0
0.000392 1
0.000716 0
0.000332 1
0.000792 0
0.000753 1
0.00036 0
0.000357 1
0.000753 0
0.000322 1
0.000791 0
0.000322 1
0.000752 0
0.000753 1
0.00037 0
0.000393 1
0.000753 0
0.00068 1
0.000391 0
0.00075 1
0.000357 0
0.000751 1
0.000395 0
0.000323 1
0.000765 0
0.00073 1
0.000359 0
0.000767 1
0.000359 0
0.000359 1
0.000754 0
0.000361 1
0.000755 0
0.000359 1
0.000718 0
0.000718 1
0.000445 0
0.000323 1
0.000754 0
0.000358 1
0.000754 0
0.00072 1
0.000396 0
0.000718 1
0.000366 0
0.000383 1
0.000757 0
0.000336 1
0.000773 0
0.000335 1
0.000784 0
0.000712 1
0.000368 0
0.000363 1
0.000761 0
0.000688 1
0.000435 0
0.000325 1
0.000772 0
0.00074 1
0.000372 0
0.000341 1
0.000776 0
0.000689 1
0.000414 0
0.000361 1
0.000753 0
0.00036 1
0.000752 0
0.000322 1
0.000784 0
0.000719 1
0.00036 0
0.000753 1
0.000395 0
0.000681 1
0.000431 0
0.000717 1
0.000358 0
0.000755 1
0.000359 0
0.000736 1
0.000394 0
0.000718 1
0.000358 0
0.000754 1
0.000358 0
0.00072 1
0.00043 0
0.00068 1
0.000399 0
0.000395 1
0.000731 0
0.000718 1
0.000394 0
0.000716 1
0.000393 0
0.000358 1
0.000752 0
0.000359 1
0.015177 0
0.000323 1
0.00043 0
0.000322 1
0.000394 0
0.000357 1
0.000358 0
0.000395 1
0.000359 0
0.000395 1
0.000357 0
0.000323 1
0.00043 0
0.000322 1
0.000393 0
0.00037 1
0.000359 0
0.000393 1
0.000359 0
0.000358 1
0.000395 0
0.000323 1
0.000429 0
0.000322 1
0.00374 0
0.000718 1
0.000358 0
0.000394 1
0.000715 0
0.000715 1
0.00043 0
0.000321 1
0.000752 0
0.001516 1
0.000719 0
0.00073 1
0.000361 0
0.000397 1
0.000718 0
0.000395 1
0.000718 0
0.000717 1
0.000429 0
0.00036 1
0.000717 0
0.000396 1
0.000717 0
0.000716 1
0.000394 0
0.000358 1
0.000751 0
0.000753 1
0.00036 0
0.000359 1
0.000759 0
0.000337 1
0.000754 0
0.000395 1
0.000716 0
0.000753 1
0.000359 0
0.000359 1
0.000754 0
0.000359 1
0.000754 0
0.000359 1
0.000732 0
0.00072 1
0.000432 0
0.000324 1
0.000752 0
0.000755 1
0.00036 0
0.000721 1
0.000395 0
0.000719 1
0.000361 0
0.000408 1
0.000721 0
0.000718 1
0.000396 0
0.000717 1
0.000395 0
0.000358 1
0.000754 0
0.000358 1
0.000751 0
0.000323 1
0.000811 0
0.000717 1
0.000354 0
0.000394 1
0.000719 0
0.000359 1
0.000752 0
0.000755 1
0.000359 0
0.000753 1
0.00036 0
0.000372 1
0.000755 0
0.000325 1
0.000758 0
0.000383 1
0.000719 0
0.000756 1
0.000396 0
0.000326 1
0.000753 0
0.000757 1
0.000334 0
0.000394 1
0.000717 0
0.000717 1
0.000428 0
0.000359 1
0.000716 0
0.00075 1
0.000357 0
0.000394 1
0.000751 0
0.000334 1
0.000752 0
0.000394 1
0.000717 0
0.000713 1
0.000423 0
0.000681 1
0.000395 0
0.000752 1
0.000359 0
0.000752 1
0.000372 0
0.000718 1
0.000396 0
0.00072 1
0.000395 0
0.000717 1
0.000394 0
0.000716 1
0.000396 0
0.000717 1
0.000359 0
0.000764 1
0.00035 0
0.000395 1
0.000752 0
0.000679 1
0.000393 0
0.000753 1
0.000358 0
0.000393 1
0.000753 0
0.000322 1
0.01519 0
0.000359 1
0.000358 0
0.000396 1
0.000359 0
0.000393 1
0.000357 0
0.000323 1
0.000431 0
0.000321 1
0.000408 0
0.000359 1
0.000358 0
0.000395 1
0.000359 0
0.000357 1
0.000358 0
0.000358 1
0.00043 0
0.000322 1
0.000393 0
0.000359 1
0.000357 0
0.000393 1
0.003704 0
0.000752 1
0.000358 0
0.000322 1
0.000787 0
0.000751 1
0.000359 0
0.000368 1
0.000718 0
0.000718 1
0.000432 0
0.000323 1
0.000753 0
0.000754 1
0.000347 0
0.000399 1
0.000753 0
0.000324 1
0.000766 0
0.000754 1
0.000358 0
0.000357 1
0.000752 0
0.000322 1
0.000788 0
0.000718 1
0.000358 0
0.000394 1
0.000718 0
0.000727 1
0.000428 0
0.000322 1
0.000742 0
0.000401 1
0.00073 0
0.000357 1
0.000753 0
0.000719 1
0.000394 0
0.000358 1
0.000731 0
0.000394 1
0.000752 0
0.000322 1
0.000754 0
0.000752 1
0.000358 0
0.000395 1
0.000717 0
0.000718 1
0.000408 0
0.000721 1
0.000376 0
0.000729 1
0.000366 0
0.000368 1
0.000783 0
0.000712 1
0.000376 0
0.000749 1
0.000339 0
0.000374 1
0.000776 0
0.000324 1
0.000754 0
0.000394 1
0.000717 0
0.000752 1
0.000424 0
0.000303 1
0.000753 0
0.000359 1
0.000752 0
0.000739 1
0.00036 0
0.000716 1
0.00043 0
0.000322 1
0.000753 0
0.000394 1
0.000717 0
0.000358 1
0.000753 0
0.000752 1
0.000369 0
0.00036 1
0.000716 0
0.000758 1
0.000396 0
0.000324 1
0.000771 0
0.000755 1
0.00036 0
0.000359 1
0.000753 0
0.000693 1
0.000431 0
0.000358 1
0.000716 0
0.000396 1
0.000717 0
0.000359 1
0.000779 0
0.000714 1
0.000358 0
0.000758 1
0.000359 0
0.000732 1
0.000395 0
0.000715 1
0.000394 0
0.00072 1
0.000358 0
0.000756 1
0.000394 0
0.000681 1
0.000432 0
0.000727 1
0.000359 0
0.000751 1
0.000357 0
0.000715 1
0.000453 0
0.000291 1
0.000753 0
0.000753 1
0.000358 0
0.000716 1
0.000431 0
0.000299 1
0.00079 0
0.000358 1
0.015161 0
0.000387 1
0.000357 0
0.000358 1
0.000394 0
0.000334 1
0.000394 0
0.000359 1
0.000358 0
0.000393 1
0.000358 0
0.000395 1
0.000358 0
0.000323 1
0.00045 0
0.00029 1
0.000393 0
0.000395 1
0.000359 0
0.000394 1
0.000359 0
0.00036 1
0.000368 0
0.000359 1
0.003724 0
0.000716 1
0.000359 0
0.000392 1
0.000727 0
0.000752 1
0.000396 0
0.000322 1
0.000789 0
0.000717 1
0.000358 0
0.000393 1
0.000716 0
0.000716 1
0.000412 0
0.000325 1
0.000755 0
0.000395 1
0.000717 0
0.000717 1
0.00043 0
0.000322 1
0.000752 0
0.000394 1
0.000717 0
0.000764 1
0.000359 0
0.00036 1
0.000752 0
0.000755 1
0.000359 0
0.000358 1
0.000753 0
0.000335 1
0.000786 0
0.000359 1
0.000716 0
0.000769 1
0.000358 0
0.000359 1
0.000753 0
0.000322 1
0.000789 0
0.000358 1
0.000753 0
0.000717 1
0.000394 0
0.000323 1
0.000765 0
0.000752 1
0.000358 0
0.000759 1
0.000359 0
0.000717 1
0.000427 0
0.000327 1
0.000753 0
0.000752 1
0.000358 0
0.000692 1
0.00043 0
0.000323 1
0.000763 0
0.000377 1
0.000716 0
0.000376 1
0.000774 0
0.000706 1
0.00037 0
0.000381 1
0.000733 0
0.000364 1
0.000766 0
0.000689 1
0.000399 0
0.000735 1
0.000372 0
0.000375 1
0.000747 0
0.000339 1
0.000777 0
0.000348 1
0.000749 0
0.000757 1
0.00036 0
0.000359 1
0.000757 0
0.000752 1
0.000359 0
0.000358 1
0.000754 0
0.000718 1
0.000412 0
0.000324 1
0.000754 0
0.000752 1
0.000359 0
0.000357 1
0.000752 0
0.000358 1
0.000751 0
0.000393 1
0.000715 0
0.000733 1
0.00036 0
0.000724 1
0.000431 0
0.000719 1
0.00036 0
0.000754 1
0.00036 0
0.000716 1
0.000396 0
0.00072 1
0.000368 0
0.000756 1
0.000357 0
0.000752 1
0.000393 0
0.000677 1
0.000394 0
0.000751 1
0.000383 0
0.000354 1
0.00075 0
0.000707 1
0.00043 0
0.000718 1
0.000357 0
0.000394 1
0.000718 0
0.000357 1
0.015201 0
0.000321 1
0.000396 0
0.000359 1
0.000359 0
0.000396 1
0.00036 0
0.000396 1
0.000359 0
0.000323 1
0.000431 0
0.000323 1
0.000395 0
0.00036 1
0.000359 0
0.000395 1
0.000359 0
0.000373 1
0.000395 0
0.000322 1
0.000393 0
0.000357 1
0.000392 0
0.000357 1
0.00369 0
0.000753 1
0.000358 0
0.000368 1
0.000753 0
0.000717 1
0.000394 0
0.000358 1
0.000716 0
0.000769 1
0.000394 0
0.000321 1
0.000765 0
0.000752 1
0.000358 0
0.000359 1
0.000755 0
0.000323 1
0.000788 0
0.000752 1
0.000357 0
0.000358 1
0.000757 0
0.000335 1
0.000788 0
0.000717 1
0.000358 0
0.000395 1
0.000715 0
0.000714 1
0.000429 0
0.000322 1
0.000753 0
0.000396 1
0.000732 0
0.00036 1
0.000753 0
0.000718 1
0.000394 0
0.000358 1
0.000717 0
0.000394 1
0.000717 0
0.000358 1
0.000798 0
0.000722 1
0.000359 0
0.000358 1
0.000754 0
0.000718 1
0.000395 0
0.000713 1
0.000394 0
0.000753 1
0.000359 0
0.000359 1
0.000765 0
0.000682 1
0.000394 0
0.000752 1
0.00036 0
0.000394 1
0.000719 0
0.000359 1
0.000752 0
0.000358 1
0.000764 0
0.000721 1
0.000394 0
0.000352 1
0.000752 0
0.000323 1
0.000788 0
0.000717 1
0.000395 0
0.000703 1
0.000395 0
0.000359 1
0.000728 0
0.000395 1
0.000715 0
0.000394 1
0.000751 0
0.000718 1
0.000394 0
0.00036 1
0.000717 0
0.000749 1
0.00036 0
0.000371 1
0.000789 0
0.000718 1
0.00036 0
0.000359 1
0.000756 0
0.000718 1
0.000394 0
0.000323 1
0.000788 0
0.000359 1
0.000731 0
0.000396 1
0.000755 0
0.000681 1
0.000395 0
0.000747 1
0.000359 0
0.000724 1
0.000397 0
0.000715 1
0.000406 0
0.000721 1
0.000358 0
0.000754 1
0.000358 0
0.000718 1
0.00043 0
0.000716 1
0.000359 0
0.000752 1
0.000359 0
0.000731 1
0.000394 0
0.000351 1
0.000758 0
0.000717 1
0.000393 0
0.000718 1
0.000395 0
0.000322 1
0.000791 0
0.000359 1
0.015147 0
0.000358 1
0.000392 0
0.000359 1
0.000396 0
0.000323 1
0.00043 0
0.000322 1
0.000394 0
0.00036 1
0.000359 0
0.000371 1
0.000361 0
0.000396 1
0.00036 0
0.00036 1
0.000397 0
0.000325 1
0.000398 0
0.000361 1
0.000396 0
0.000358 1
0.000361 0
0.000396 1
0.003685 0
0.000718 1
0.000395 0
0.000357 1
0.000753 0
0.000716 1
0.000393 0
0.00036 1
0.000766 0
0.000717 1
0.000358 0
0.000395 1
0.000717 0
0.000717 1
0.000394 0
0.000358 1
0.000749 0
0.000393 1
0.000715 0
0.000764 1
0.000359 0
0.000335 1
0.000791 0
0.000358 1
0.00072 0
0.000754 1
0.000374 0
0.000347 1
0.000752 0
0.000741 1
0.00035 0
0.000405 1
0.000714 0
0.000376 1
0.000744 0
0.000336 1
0.000785 0
0.000711 1
0.000368 0
0.000396 1
0.000754 0
0.000323 1
0.000754 0
0.000394 1
0.00072 0
0.000757 1
0.00036 0
0.000358 1
0.000752 0
0.000755 1
0.000359 0
0.000742 1
0.000337 0
0.000723 1
0.000431 0
0.000323 1
0.000754 0
0.000752 1
0.000359 0
0.000717 1
0.000432 0
0.000322 1
0.000756 0
0.000359 1
0.000731 0
0.000395 1
0.000755 0
0.000683 1
0.000431 0
0.00036 1
0.000725 0
0.000359 1
0.000753 0
0.000718 1
0.000383 0
0.000759 1
0.000358 0
0.000357 1
0.000752 0
0.000359 1
0.000752 0
0.000357 1
0.000753 0
0.000752 1
0.000358 0
0.000358 1
0.000768 0
0.000679 1
0.000396 0
0.000394 1
0.000715 0
0.000754 1
0.000358 0
0.000358 1
0.00079 0
0.000716 1
0.000356 0
0.000399 1
0.000717 0
0.00036 1
0.000789 0
0.00032 1
0.000753 0
0.000752 1
0.000358 0
0.000718 1
0.000394 0
0.000733 1
0.000359 0
0.000754 1
0.000359 0
0.000751 1
0.000394 0
0.000682 1
0.000431 0
0.000719 1
0.000358 0
0.000754 1
0.000369 0
0.000719 1
0.000395 0
0.00072 1
0.000394 0
0.000357 1
0.000747 0
0.000717 1
0.000394 0
0.000716 1
0.000393 0
0.000359 1
0.000733 0
0.000394 1
0.015158 0
0.000322 1
0.000425 0
0.000322 1
0.000395 0
0.000394 1
0.000334 0
0.000372 1
0.00036 0
0.000395 1
0.000395 0
0.000323 1
0.000396 0
0.000358 1
0.000359 0
0.000396 1
0.000358 0
0.000366 1
0.00036 0
0.000397 1
0.000361 0
0.000323 1
0.000432 0
0.000335 1
0.003702 0
0.000753 1
0.000361 0
0.000396 1
0.000736 0
0.000689 1
0.000431 0
0.000361 1
0.000718 0
0.000755 1
0.000357 0
0.000359 1
0.000755 0
0.000756 1
0.000361 0
0.00036 1
0.000724 0
0.000396 1
0.00076 0
0.000685 1
0.000397 0
0.000361 1
0.000721 0
0.000398 1
0.000757 0
0.000684 1
0.000396 0
0.000374 1
0.000722 0
0.000757 1
0.000359 0
0.00036 1
0.000792 0
0.000325 1
0.000749 0
0.000396 1
0.00072 0
0.000704 1
0.000404 0
0.000342 1
0.000757 0
0.000373 1
0.000742 0
0.000376 1
0.000748 0
0.00071 1
0.000373 0
0.000401 1
0.000732 0
0.000726 1
0.000392 0
0.000701 1
0.000417 0
0.000713 1
0.000375 0
0.000379 1
0.000707 0
0.000738 1
0.000417 0
0.000725 1
0.000363 0
0.000357 1
0.000762 0
0.000363 1
0.00076 0
0.000324 1
0.000758 0
0.00076 1
0.000362 0
0.000362 1
0.000755 0
0.000326 1
0.000775 0
0.000722 1
0.000362 0
0.000758 1
0.000362 0
0.000361 1
0.000757 0
0.00036 1
0.000757 0
0.000359 1
0.000721 0
0.000737 1
0.000397 0
0.000325 1
0.000758 0
0.00076 1
0.000362 0
0.000397 1
0.000723 0
0.000723 1
0.000396 0
0.000359 1
0.000736 0
0.000759 1
0.000361 0
0.000324 1
0.000794 0
0.00036 1
0.000722 0
0.000397 1
0.000721 0
0.000719 1
0.000397 0
0.000725 1
0.000398 0
0.000723 1
0.000361 0
0.000723 1
0.000434 0
0.00069 1
0.000396 0
0.000723 1
0.000362 0
0.00076 1
0.000377 0
0.0007 1
0.000387 0
0.000757 1
0.000361 0
0.000724 1
0.000397 0
0.000326 1
0.000792 0
0.000723 1
0.000362 0
0.000737 1
0.000362 0
0.000362 1
0.000796 0
0.000325 1
0.015176 0
0.000367 1
0.000361 0
0.000376 1
0.000366 0
0.000362 1
0.000397 0
0.000325 1
0.000398 0
0.00036 1
0.000361 0
0.000398 1
0.000362 0
0.000362 1
0.00036 0
0.000361 1
0.000398 0
0.000325 1
0.000431 0
0.000361 1
0.000338 0
0.000395 1
0.000361 0
0.00036 1
0.003709 0
0.000723 1
0.000397 0
0.000338 1
0.000759 0
0.000745 1
0.000364 0
0.00036 1
0.00076 0
0.000724 1
0.000397 0
0.000361 1
0.000723 0
0.000735 1
0.000361 0
0.000363 1
0.000791 0
0.000325 1
0.000759 0
0.000757 1
0.000361 0
0.00036 1
0.000757 0
0.000325 1
0.000756 0
0.000738 1
0.000396 0
0.00036 1
0.000759 0
0.000687 1
0.000398 0
0.000362 1
0.000759 0
0.000362 1
0.000752 0
0.000325 1
0.000771 0
0.000758 1
0.000362 0
0.00036 1
0.00072 0
0.000359 1
0.000793 0
0.000323 1
0.00076 0
0.000758 1
0.000361 0
0.000373 1
0.000761 0
0.000689 1
0.000399 0
0.000751 1
0.000329 0
0.000764 1
0.000398 0
0.000327 1
0.000762 0
0.000725 1
0.000376 0
0.000726 1
0.000362 0
0.000361 1
0.000796 0
0.000327 1
0.000759 0
0.000362 1
0.000722 0
0.000723 1
0.000433 0
0.000311 1
0.000753 0
0.000398 1
0.00071 0
0.00076 1
0.000397 0
0.000687 1
0.000397 0
0.000361 1
0.00076 0
0.000361 1
0.000735 0
0.000362 1
0.000759 0
0.000725 1
0.000361 0
0.0004 1
0.000723 0
0.000723 1
0.00039 0
0.000325 1
0.000794 0
0.000738 1
0.000364 0
0.000361 1
0.000761 0
0.000685 1
0.000397 0
0.000397 1
0.000723 0
0.00036 1
0.00076 0
0.000326 1
0.000768 0
0.000758 1
0.000361 0
0.000726 1
0.000391 0
0.000686 1
0.000433 0
0.000725 1
0.000361 0
0.000758 1
0.000362 0
0.000711 1
0.000399 0
0.000723 1
0.000361 0
0.00076 1
0.000362 0
0.000723 1
0.000398 0
0.00072 1
0.000398 0
0.000362 1
0.00073 0
0.000726 1
0.000399 0
0.000688 1
0.000435 0
0.000362 1
0.000725 0
0.000363 1
0.015154 0
0.000362 1
0.000397 0
0.000317 1
0.000434 0
0.000361 1
0.000362 0
0.000362 1
0.000362 0
0.000398 1
0.000361 0
0.000325 1
0.000435 0
0.000326 1
0.000398 0
0.000361 1
0.000372 0
0.00036 1
0.000361 0
0.000398 1
0.000362 0
0.000325 1
0.000432 0
0.000325 1
0.00373 0
0.00074 1
0.000361 0
0.000362 1
0.000726 0
0.000727 1
0.000417 0
0.000332 1
0.000773 0
0.000707 1
0.000374 0
0.000377 1
0.000784 0
0.000674 1
0.000418 0
0.000339 1
0.000739 0
0.000398 1
0.000726 0
0.000723 1
0.000398 0
0.000361 1
0.000723 0
0.000391 1
0.000725 0
0.000725 1
0.000398 0
0.00034 1
0.000738 0
0.000761 1
0.000362 0
0.000362 1
0.000758 0
0.000326 1
0.000779 0
0.000361 1
0.000759 0
0.000723 1
0.000397 0
0.000326 1
0.000796 0
0.000326 1
0.000759 0
0.000361 1
0.000723 0
0.000736 1
0.000398 0
0.000325 1
0.000759 0
0.000757 1
0.000362 0
0.000723 1
0.000433 0
0.000686 1
0.000395 0
0.000361 1
0.000738 0
0.000723 1
0.000397 0
0.000686 1
0.000398 0
0.000398 1
0.000724 0
0.000362 1
0.000759 0
0.000326 1
0.000796 0
0.000735 1
0.00036 0
0.000362 1
0.000737 0
0.000362 1
0.000761 0
0.000723 1
0.000362 0
0.000759 1
0.000361 0
0.000362 1
0.000775 0
0.000326 1
0.000764 0
0.000362 1
0.000758 0
0.000724 1
0.000399 0
0.000327 1
0.00076 0
0.000722 1
0.000394 0
0.000362 1
0.000736 0
0.000722 1
0.000397 0
0.000361 1
0.000745 0
0.000723 1
0.000398 0
0.000361 1
0.000756 0
0.000325 1
0.00077 0
0.000362 1
0.000724 0
0.000723 1
0.000434 0
0.000687 1
0.000397 0
0.000724 1
0.000361 0
0.000761 1
0.000398 0
0.000675 1
0.000436 0
0.000692 1
0.000399 0
0.000728 1
0.000363 0
0.000728 1
0.0004 0
0.000726 1
0.000365 0
0.000729 1
0.0004 0
0.000339 1
0.000794 0
0.00069 1
0.000398 0
0.000726 1
0.000362 0
0.000361 1
0.00076 0
0.000327 1
0.01521 0
0.000361 1
0.000362 0
0.000391 1
0.000365 0
0.000348 1
0.000363 0
0.000362 1
0.0004 0
0.000326 1
0.000434 0
0.000326 1
0.000399 0
0.000371 1
0.000363 0
0.000364 1
0.000363 0
0.000362 1
0.000398 0
0.000327 1
0.000398 0
0.000362 1
0.000361 0
0.000397 1
0.003701 0
0.000726 1
0.000363 0
0.000363 1
0.000763 0
0.000727 1
0.000364 0
0.000363 1
0.000762 0
0.000712 1
0.000398 0
0.000325 1
0.00076 0
0.000763 1
0.000362 0
0.000362 1
0.000765 0
0.000304 1
0.000804 0
0.000715 1
0.00037 0
0.000368 1
0.000789 0
0.000301 1
0.000786 0
0.00073 1
0.000365 0
0.000364 1
0.000729 0
0.000737 1
0.000409 0
0.000304 1
0.000781 0
0.000381 1
0.000744 0
0.000353 1
0.000754 0
0.00069 1
0.000398 0
0.000399 1
0.000723 0
0.000362 1
0.000764 0
0.000326 1
0.000754 0
0.000759 1
0.00036 0
0.000362 1
0.000762 0
0.000723 1
0.000404 0
0.000724 1
0.000346 0
0.000764 1
0.000362 0
0.00034 1
0.000794 0
0.000688 1
0.000397 0
0.000724 1
0.000363 0
0.000397 1
0.000761 0
0.00029 1
0.000796 0
0.000361 1
0.000735 0
0.000723 1
0.000399 0
0.000325 1
0.000794 0
0.000363 1
0.000723 0
0.000759 1
0.000362 0
0.000687 1
0.000435 0
0.000302 1
0.000794 0
0.000361 1
0.000725 0
0.000397 1
0.000761 0
0.000689 1
0.000397 0
0.000361 1
0.000726 0
0.000734 1
0.000435 0
0.000292 1
0.000761 0
0.000761 1
0.000362 0
0.000361 1
0.00076 0
0.000687 1
0.000434 0
0.000326 1
0.000761 0
0.000377 1
0.000727 0
0.00036 1
0.000796 0
0.000687 1
0.000398 0
0.000723 1
0.000355 0
0.000726 1
0.000433 0
0.000686 1
0.000372 0
0.000759 1
0.000361 0
0.000758 1
0.000398 0
0.000685 1
0.000397 0
0.000709 1
0.000398 0
0.000722 1
0.000361 0
0.000734 1
0.000434 0
0.000289 1
0.000787 0
0.000726 1
0.000398 0
0.000686 1
0.000433 0
0.000325 1
0.000758 0
0.000359 1
0.015169 0
0.00036 1
0.00036 0
0.000361 1
0.000431 0
0.000288 1
0.000433 0
0.00036 1
0.000361 0
0.000361 1
0.000361 0
0.000378 1
0.000362 0
0.000361 1
0.000435 0
0.00029 1
0.000433 0
0.000362 1
0.000358 0
0.000361 1
0.00036 0
0.000393 1
0.00036 0
0.000359 1
0.003732 0
0.000684 1
0.000396 0
0.000397 1
0.000734 0
0.000719 1
0.000397 0
0.000324 1
0.000808 0
0.000686 1
0.000361 0
0.000397 1
0.00072 0
0.00072 1
0.000434 0
0.000289 1
0.000792 0
0.000355 1
0.000758 0
0.000697 1
0.000434 0
0.000324 1
0.000756 0
0.00036 1
0.000757 0
0.000719 1
0.000395 0
0.000324 1
0.000792 0
0.000733 1
0.000364 0
0.000361 1
0.000758 0
0.000325 1
0.000793 0
0.00032 1
0.00076 0
0.000759 1
0.000361 0
0.000361 1
0.00076 0
0.000303 1
0.000793 0
0.000359 1
0.000758 0
0.000686 1
0.000432 0
0.000325 1
0.000753 0
0.000755 1
0.000359 0
0.000732 1
0.000397 0
0.000678 1
0.000434 0
0.00036 1
0.000722 0
0.000758 1
0.00036 0
0.000717 1
0.000433 0
0.000288 1
0.000795 0
0.000374 1
0.000721 0
0.000362 1
0.000792 0
0.000683 1
0.000397 0
0.00036 1
0.000721 0
0.000367 1
0.000806 0
0.000648 1
0.000412 0
0.000758 1
0.000362 0
0.00036 1
0.000759 0
0.000326 1
0.000795 0
0.000325 1
0.000757 0
0.000756 1
0.000361 0
0.000347 1
0.000794 0
0.000685 1
0.000397 0
0.000356 1
0.00076 0
0.000686 1
0.000433 0
0.000324 1
0.000759 0
0.000758 1
0.000339 0
0.000397 1
0.000759 0
0.000289 1
0.000829 0
0.000323 1
0.000754 0
0.000719 1
0.000397 0
0.000683 1
0.000432 0
0.000732 1
0.000361 0
0.000721 1
0.000397 0
0.000686 1
0.000431 0
0.000685 1
0.000396 0
0.000758 1
0.000361 0
0.00072 1
0.000408 0
0.000684 1
0.000395 0
0.000756 1
0.000362 0
0.000358 1
0.000758 0
0.000713 1
0.000433 0
0.000684 1
0.000396 0
0.000373 1
0.000721 0
0.00036 1
0.015193 0
0.000325 1
0.000396 0
0.000359 1
0.000389 0
0.000361 1
0.00039 0
0.000352 1
0.000375 0
0.000343 1
0.000405 0
0.000331 1
0.000407 0
0.000371 1
0.000373 0
0.000339 1
0.000375 0
0.000373 1
0.000411 0
0.000299 1
0.000414 0
0.000341 1
0.000375 0
0.000372 1
0.003699 0
0.000756 1
0.000361 0
0.00036 1
0.000756 0
0.000703 1
0.000396 0
0.000396 1
0.00072 0
0.000756 1
0.00036 0
0.000324 1
0.000791 0
0.000721 1
0.000359 0
0.000396 1
0.000732 0
0.000326 1
0.000794 0
0.000721 1
0.00036 0
0.000397 1
0.000722 0
0.000361 1
0.000792 0
0.00071 1
0.000361 0
0.00037 1
0.000726 0
0.00072 1
0.000431 0
0.000324 1
0.000756 0
0.000361 1
0.00076 0
0.000355 1
0.000757 0
0.000687 1
0.000421 0
0.00036 1
0.000724 0
0.000397 1
0.000723 0
0.000359 1
0.000793 0
0.000721 1
0.000362 0
0.000362 1
0.000721 0
0.000736 1
0.000398 0
0.000687 1
0.000397 0
0.000757 1
0.000361 0
0.000361 1
0.000758 0
0.000725 1
0.000397 0
0.000723 1
0.000375 0
0.000364 1
0.000723 0
0.000363 1
0.000797 0
0.000325 1
0.00076 0
0.000725 1
0.000361 0
0.000362 1
0.000795 0
0.000321 1
0.000739 0
0.000763 1
0.000362 0
0.000726 1
0.000397 0
0.000327 1
0.000761 0
0.000398 1
0.000723 0
0.00036 1
0.000769 0
0.00069 1
0.000434 0
0.000325 1
0.000759 0
0.000724 1
0.000362 0
0.000357 1
0.000796 0
0.000719 1
0.000359 0
0.000385 1
0.000735 0
0.000721 1
0.000397 0
0.000323 1
0.000757 0
0.000397 1
0.000723 0
0.00036 1
0.000794 0
0.000684 1
0.000397 0
0.000732 1
0.000362 0
0.000754 1
0.000362 0
0.000722 1
0.000398 0
0.000723 1
0.000361 0
0.00076 1
0.000361 0
0.000695 1
0.000437 0
0.000722 1
0.00036 0
0.000756 1
0.000359 0
0.000721 1
0.000432 0
0.000288 1
0.000792 0
0.000714 1
0.000397 0
0.000733 1
0.000396 0
0.00029 1
0.000795 0
0.000361 1
0.015165 0
0.000362 1
0.000374 0
0.000371 1
0.000394 0
0.000324 1
0.000396 0
0.000323 1
0.000397 0
0.000398 1
0.000361 0
0.000361 1
0.00036 0
0.000397 1
0.00036 0
0.000324 1
0.000433 0
0.000325 1
0.000397 0
0.000374 1
0.000361 0
0.000361 1
0.00036 0
0.000396 1
0.003667 0
0.00072 1
0.000407 0
0.000356 1
0.000765 0
0.000726 1
0.000362 0
0.0004 1
0.000743 0
0.000711 1
0.00038 0
0.000378 1
0.000742 0
0.000701 1
0.0004 0
0.000328 1
0.00076 0
0.000326 1
0.000795 0
0.000761 1
0.00036 0
0.000324 1
0.000796 0
0.000361 1
0.000724 0
0.000775 1
0.000325 0
0.000363 1
0.000794 0
0.000721 1
0.000362 0
0.00036 1
0.00076 0
0.00036 1
0.000757 0
0.000288 1
0.000807 0
0.000724 1
0.000361 0
0.0004 1
0.000723 0
0.000361 1
0.000757 0
0.00036 1
0.000756 0
0.000722 1
0.000362 0
0.000362 1
0.000795 0
0.000724 1
0.000363 0
0.000721 1
0.00036 0
0.00072 1
0.000433 0
0.000325 1
0.000758 0
0.000757 1
0.000339 0
0.000724 1
0.000432 0
0.000323 1
0.000756 0
0.000359 1
0.000757 0
0.000361 1
0.000756 0
0.000685 1
0.000432 0
0.000362 1
0.0007 0
0.000418 1
0.000693 0
0.000722 1
0.000434 0
0.000722 1
0.000362 0
0.000361 1
0.000757 0
0.000362 1
0.000771 0
0.000326 1
0.000757 0
0.000759 1
0.00036 0
0.00036 1
0.000756 0
0.000685 1
0.000431 0
0.000325 1
0.000753 0
0.000734 1
0.00036 0
0.000361 1
0.000795 0
0.000723 1
0.000362 0
0.00036 1
0.000758 0
0.000362 1
0.000757 0
0.000325 1
0.000758 0
0.000744 1
0.000361 0
0.00072 1
0.000433 0
0.000665 1
0.00042 0
0.000728 1
0.000362 0
0.000742 1
0.000407 0
0.000687 1
0.000431 0
0.000704 1
0.00036 0
0.000758 1
0.000361 0
0.000725 1
0.000397 0
0.000723 1
0.000363 0
0.000375 1
0.000758 0
0.000707 1
0.000398 0
0.000724 1
0.000362 0
0.000398 1
0.000723 0
0.000396 1
0.015155 0
0.000327 1
0.000398 0
0.000361 1
0.000361 0
0.0004 1
0.00036 0
0.000361 1
0.000362 0
0.000396 1
0.00036 0
0.000325 1
0.000434 0
0.000325 1
0.000397 0
0.000363 1
0.000362 0
0.001252 1
0.000271 0
0.000293 1
0.000434 0
0.000325 1
0.003733 0
0.000723 1
0.000362 0
0.000381 1
0.000759 0
0.000713 1
0.000398 0
0.000362 1
0.000723 0
0.000759 1
0.000363 0
0.000325 1
0.000796 0
0.000724 1
0.000373 0
0.000362 1
0.000722 0
0.000399 1
0.000759 0
0.000689 1
0.000399 0
0.000361 1
0.000722 0
0.000398 1
0.000759 0
0.000666 1
0.000435 0
0.000361 1
0.000724 0
0.00076 1
0.000362 0
0.000327 1
0.000798 0
0.000326 1
0.000759 0
0.00036 1
0.000735 0
0.000723 1
0.000433 0
0.000324 1
0.000758 0
0.000361 1
0.000722 0
0.000396 1
0.000758 0
0.000685 1
0.000398 0
0.000361 1
0.000735 0
0.00076 1
0.000362 0
0.000721 1
0.000396 0
0.000722 1
0.000361 0
0.000397 1
0.000721 0
0.000722 1
0.000414 0
0.000724 1
0.000362 0
0.000398 1
0.000721 0
0.000363 1
0.000759 0
0.000324 1
0.000759 0
0.00076 1
0.000363 0
0.000362 1
0.000774 0
0.000326 1
0.00078 0
0.00072 1
0.000362 0
0.00076 1
0.000362 0
0.000325 1
0.000795 0
0.000325 1
0.000768 0
0.000363 1
0.000758 0
0.000687 1
0.000432 0
0.000324 1
0.00076 0
0.000758 1
0.000361 0
0.000362 1
0.000755 0
0.000699 1
0.000397 0
0.000397 1
0.000723 0
0.000722 1
0.000397 0
0.000326 1
0.000796 0
0.000361 1
0.000721 0
0.00036 1
0.000759 0
0.000706 1
0.000397 0
0.00076 1
0.000326 0
0.000768 1
0.000361 0
0.000724 1
0.000399 0
0.000687 1
0.000398 0
0.000738 1
0.000397 0
0.000724 1
0.000399 0
0.000683 1
0.000398 0
0.000759 1
0.000362 0
0.000722 1
0.000361 0
0.000358 1
0.000794 0
0.000732 1
0.000362 0
0.000724 1
0.000362 0
0.000359 1
0.000793 0
0.000324 1
0.015172 0
0.000389 1
0.000361 0
0.000362 1
0.000362 0
0.000399 1
0.000362 0
0.000325 1
0.000434 0
0.000326 1
0.00036 0
0.000397 1
0.000362 0
0.000361 1
0.000362 0
0.000397 1
0.000362 0
0.000338 1
0.000401 0
0.000362 1
0.000363 0
0.000399 1
0.000363 0
0.000361 1
0.00368 0
0.000736 1
0.000398 0
0.000323 1
0.000791 0
0.000723 1
0.000361 0
0.000396 1
0.000757 0
0.000685 1
0.000432 0
0.000324 1
0.000732 0
0.000757 1
0.00036 0
0.000361 1
0.000792 0
0.000323 1
0.000759 0
0.000722 1
0.00036 0
0.000396 1
0.000758 0
0.000301 1
0.000793 0
0.000723 1
0.000361 0
0.00038 1
0.000757 0
0.000685 1
0.000397 0
0.000396 1
0.000721 0
0.000396 1
0.000712 0
0.000362 1
0.000792 0
0.000721 1
0.000361 0
0.00036 1
0.000722 0
0.000361 1
0.000793 0
0.000324 1
0.000757 0
0.000738 1
0.000361 0
0.000399 1
0.000757 0
0.000684 1
0.000399 0
0.000723 1
0.000361 0
0.000751 1
0.0004 0
0.000324 1
0.000769 0
0.00072 1
0.000362 0
0.000754 1
0.000359 0
0.00036 1
0.000793 0
0.000325 1
0.000755 0
0.000361 1
0.000756 0
0.000696 1
0.000432 0
0.000324 1
0.000756 0
0.000396 1
0.000713 0
0.000757 1
0.00036 0
0.000722 1
0.000396 0
0.000359 1
0.000734 0
0.000396 1
0.000722 0
0.000325 1
0.000791 0
0.000756 1
0.00036 0
0.000361 1
0.00072 0
0.00072 1
0.000432 0
0.000325 1
0.000764 0
0.00072 1
0.000397 0
0.00036 1
0.00074 0
0.00072 1
0.000398 0
0.00036 1
0.000721 0
0.000397 1
0.000732 0
0.000326 1
0.000797 0
0.000723 1
0.000362 0
0.000759 1
0.000362 0
0.000705 1
0.000409 0
0.000724 1
0.000363 0
0.000771 1
0.00036 0
0.000721 1
0.000396 0
0.000719 1
0.000361 0
0.000758 1
0.000361 0
0.000721 1
0.000432 0
0.000683 1
0.000406 0
0.000363 1
0.000721 0
0.000744 1
0.000407 0
0.000685 1
0.000433 0
0.000325 1
0.000758 0
0.000359 1
0.015171 0
0.000332 1
0.000413 0
0.000302 1
0.000457 0
0.000304 1
0.000377 0
0.000408 1
0.000366 0
0.000364 1
0.000364 0
0.000329 1
0.000439 0
0.000291 1
0.000425 0
0.000372 1
0.000374 0
0.000373 1
0.000339 0
0.000373 1
0.000382 0
0.000338 1
0.000442 0
0.000315 1
0.003742 0
0.000724 1
0.000361 0
0.000361 1
0.000724 0
0.000723 1
0.000433 0
0.000325 1
0.000758 0
0.000759 1
0.000342 0
0.000398 1
0.000722 0
0.000724 1
0.000396 0
0.000361 1
0.000723 0
0.000397 1
0.000721 0
0.000718 1
0.000395 0
0.000375 1
0.000721 0
0.000397 1
0.000734 0
0.000685 1
0.000432 0
0.000325 1
0.000756 0
0.000757 1
0.000362 0
0.00036 1
0.000777 0
0.000326 1
0.00076 0
0.000361 1
0.000721 0
0.000757 1
0.000396 0
0.000324 1
0.000792 0
0.000362 1
0.000722 0
0.00037 1
0.000723 0
0.00072 1
0.000431 0
0.000324 1
0.000756 0
0.000743 1
0.00036 0
0.000722 1
0.000431 0
0.000684 1
0.000372 0
0.000397 1
0.000727 0
0.000757 1
0.00036 0
0.00072 1
0.000397 0
0.00036 1
0.000723 0
0.000396 1
0.000719 0
0.00036 1
0.000773 0
0.000719 1
0.00036 0
0.000396 1
0.000721 0
0.00036 1
0.000787 0
0.000718 1
0.00036 0
0.000757 1
0.000337 0
0.000397 1
0.000758 0
0.000324 1
0.000756 0
0.000395 1
0.000721 0
0.000757 1
0.000359 0
0.000324 1
0.00079 0
0.000735 1
0.00036 0
0.000359 1
0.000751 0
0.000721 1
0.000396 0
0.000323 1
0.000793 0
0.000719 1
0.000359 0
0.000404 1
0.000746 0
0.000325 1
0.000758 0
0.000361 1
0.000757 0
0.00072 1
0.000397 0
0.00072 1
0.000397 0
0.00072 1
0.000357 0
0.000771 1
0.00036 0
0.000722 1
0.000397 0
0.000721 1
0.000361 0
0.000755 1
0.000382 0
0.000686 1
0.000432 0
0.000722 1
0.00036 0
0.000736 1
0.00036 0
0.000398 1
0.000758 0
0.000685 1
0.000395 0
0.000758 1
0.000361 0
0.000361 1
0.000759 0
0.000324 1
0.015221 0
0.000325 1
0.000362 0
0.000463 1
0.000302 0
0.000362 1
0.000357 0
0.000362 1
0.000397 0
0.000326 1
0.000411 0
0.00036 1
0.000362 0
0.000396 1
0.00036 0
0.000359 1
0.000359 0
0.000356 1
0.000428 0
0.000321 1
0.000429 0
0.000357 1
0.000357 0
0.000357 1
0.003686 0
0.000751 1
0.000358 0
0.000342 1
0.000786 0
0.000751 1
0.000357 0
0.000369 1
0.000715 0
0.00075 1
0.000392 0
0.000321 1
0.000787 0
0.000752 1
0.000357 0
0.000357 1
0.000751 0
0.00032 1
0.000762 0
0.00075 1
0.000358 0
0.000394 1
0.000751 0
0.000321 1
0.000787 0
0.000748 1
0.000356 0
0.000357 1
0.000749 0
0.000692 1
0.000428 0
0.000321 1
0.00075 0
0.000391 1
0.000748 0
0.000358 1
0.00076 0
0.000715 1
0.000357 0
0.000393 1
0.000727 0
0.000394 1
0.00075 0
0.000324 1
0.000785 0
0.000716 1
0.000359 0
0.000391 1
0.000715 0
0.000717 1
0.000432 0
0.000729 1
0.000359 0
0.000751 1
0.000351 0
0.000359 1
0.000788 0
0.000717 1
0.000358 0
0.000752 1
0.000359 0
0.00036 1
0.000762 0
0.000323 1
0.000787 0
0.000357 1
0.000752 0
0.00075 1
0.000359 0
0.000324 1
0.000807 0
0.000358 1
0.00071 0
0.000765 1
0.000361 0
0.000716 1
0.000395 0
0.000324 1
0.000788 0
0.000359 1
0.000717 0
0.000395 1
0.000753 0
0.000691 1
0.000396 0
0.000393 1
0.000719 0
0.000753 1
0.000395 0
0.000323 1
0.000748 0
0.000752 1
0.000358 0
0.000394 1
0.000715 0
0.0007 1
0.00043 0
0.000358 1
0.000716 0
0.000394 1
0.000717 0
0.000358 1
0.000787 0
0.000718 1
0.000357 0
0.000766 1
0.000359 0
0.000717 1
0.000426 0
0.000684 1
0.000396 0
0.000757 1
0.000359 0
0.000721 1
0.000396 0
0.000682 1
0.000432 0
0.000729 1
0.000359 0
0.000753 1
0.000357 0
0.000717 1
0.000438 0
0.000306 1
0.000754 0
0.000731 1
0.000386 0
0.000711 1
0.000439 0
0.000299 1
0.000781 0
0.000334 1
0.015183 0
0.000359 1
0.000359 0
0.000358 1
0.00043 0
0.000302 1
0.000429 0
0.000359 1
0.000359 0
0.000394 1
0.00036 0
0.000358 1
0.000358 0
0.000359 1
0.00043 0
0.000288 1
0.000431 0
0.000359 1
0.000358 0
0.000394 1
0.000357 0
0.00037 1
0.000359 0
0.000358 1
0.003725 0
0.000718 1
0.000395 0
0.000357 1
0.000731 0
0.000754 1
0.00036 0
0.000358 1
0.000755 0
0.000753 1
0.000358 0
0.00036 1
0.000756 0
0.000716 1
0.000409 0
0.000324 1
0.000754 0
0.000395 1
0.000706 0
0.000724 1
0.000429 0
0.000323 1
0.000755 0
0.000395 1
0.000705 0
0.000742 1
0.000395 0
0.000322 1
0.000789 0
0.000719 1
0.000359 0
0.000396 1
0.000719 0
0.00036 1
0.000788 0
0.000323 1
0.000755 0
0.000762 1
0.000358 0
0.000359 1
0.000751 0
0.000323 1
0.000753 0
0.000393 1
0.000717 0
0.000753 1
0.000393 0
0.000323 1
0.000768 0
0.000753 1
0.00036 0
0.000755 1
0.00036 0
0.00072 1
0.000359 0
0.000389 1
0.000754 0
0.000754 1
0.000336 0
0.00072 1
0.00043 0
0.000323 1
0.000754 0
0.000395 1
0.000719 0
0.000359 1
0.000754 0
0.000719 1
0.000395 0
0.000359 1
0.000729 0
0.000394 1
0.000719 0
0.000713 1
0.00043 0
0.000713 1
0.000357 0
0.000395 1
0.000716 0
0.000359 1
0.000802 0
0.000323 1
0.000751 0
0.000754 1
0.000359 0
0.000359 1
0.000753 0
0.000717 1
0.000396 0
0.000359 1
0.000751 0
0.000724 1
0.000396 0
0.000324 1
0.000753 0
0.000756 1
0.000359 0
0.000395 1
0.000751 0
0.000323 1
0.000787 0
0.000359 1
0.000727 0
0.000719 1
0.000393 0
0.000716 1
0.000395 0
0.000716 1
0.000395 0
0.000717 1
0.000394 0
0.000681 1
0.000429 0
0.000693 1
0.000395 0
0.000755 1
0.000358 0
0.000754 1
0.000395 0
0.000681 1
0.000395 0
0.000754 1
0.00036 0
0.00036 1
0.000729 0
0.000717 1
0.000431 0
0.00071 1
0.000358 0
0.000396 1
0.000718 0
0.000358 1
0.015207 0
0.000324 1
0.000396 0
0.00036 1
0.000359 0
0.000395 1
0.000359 0
0.000391 1
0.000359 0
0.000324 1
0.000433 0
0.000324 1
0.000396 0
0.00036 1
0.000361 0
0.000395 1
0.00036 0
0.000378 1
0.000359 0
0.00036 1
0.000394 0
0.000323 1
0.000394 0
0.000394 1
0.003663 0
0.000763 1
0.000359 0
0.000396 1
0.000754 0
0.000683 1
0.000394 0
0.000395 1
0.000718 0
0.000753 1
0.000359 0
0.000321 1
0.0008 0
0.000715 1
0.000361 0
0.000395 1
0.000718 0
0.000359 1
0.000789 0
0.000716 1
0.000359 0
0.000393 1
0.000728 0
0.00036 1
0.000754 0
0.00072 1
0.00036 0
0.000395 1
0.000717 0
0.000753 1
0.000396 0
0.000323 1
0.000753 0
0.000394 1
0.000732 0
0.000358 1
0.000751 0
0.000713 1
0.000394 0
0.000358 1
0.000754 0
0.000358 1
0.000753 0
0.000321 1
0.000789 0
0.000722 1
0.00036 0
0.000393 1
0.000718 0
0.000718 1
0.000431 0
0.000682 1
0.000395 0
0.000755 1
0.000359 0
0.00039 1
0.000731 0
0.000718 1
0.000395 0
0.000718 1
0.00036 0
0.000396 1
0.000716 0
0.00036 1
0.00079 0
0.000323 1
0.000768 0
0.000755 1
0.00036 0
0.00036 1
0.000755 0
0.000322 1
0.000755 0
0.000751 1
0.000361 0
0.000734 1
0.000397 0
0.000323 1
0.000774 0
0.000395 1
0.000718 0
0.000395 1
0.000718 0
0.000718 1
0.000395 0
0.000359 1
0.000754 0
0.000753 1
0.000344 0
0.00036 1
0.000791 0
0.00072 1
0.00036 0
0.000359 1
0.000758 0
0.000718 1
0.000396 0
0.000323 1
0.000754 0
0.000395 1
0.00073 0
0.000395 1
0.000718 0
0.000718 1
0.000395 0
0.000754 1
0.000358 0
0.000753 1
0.00036 0
0.000711 1
0.000407 0
0.000742 1
0.000359 0
0.00072 1
0.000359 0
0.000718 1
0.000432 0
0.00072 1
0.00036 0
0.000756 1
0.000361 0
0.00073 1
0.000396 0
0.000323 1
0.000754 0
0.000754 1
0.00036 0
0.00075 1
0.000395 0
0.000324 1
0.000791 0
0.000359 1
0.01515 0
0.000359 1
0.000359 0
0.000394 1
0.000358 0
0.000359 1
0.000394 0
0.000317 1
0.000394 0
0.000395 1
0.000358 0
0.000372 1
0.000357 0
0.000395 1
0.000359 0
0.000358 1
0.000393 0
0.000324 1
0.000394 0
0.000394 1
0.000359 0
0.00036 1
0.000359 0
0.000395 1
0.003699 0
0.000718 1
0.000395 0
0.000323 1
0.000752 0
0.000755 1
0.000358 0
0.000394 1
0.00073 0
0.000718 1
0.000395 0
0.000394 1
0.000716 0
0.000754 1
0.000359 0
0.000323 1
0.000791 0
0.00036 1
0.000733 0
0.000753 1
0.00036 0
0.000358 1
0.000789 0
0.000323 1
0.000753 0
0.000753 1
0.000357 0
0.000358 1
0.000754 0
0.000732 1
0.000358 0
0.000395 1
0.000734 0
0.000359 1
0.000752 0
0.000321 1
0.000789 0
0.000751 1
0.000358 0
0.000358 1
0.000752 0
0.000337 1
0.000789 0
0.00036 1
0.000717 0
0.000754 1
0.000359 0
0.000359 1
0.000754 0
0.000753 1
0.000359 0
0.000729 1
0.000359 0
0.000716 1
0.00043 0
0.000314 1
0.000757 0
0.000753 1
0.000361 0
0.000753 1
0.000394 0
0.000324 1
0.000755 0
0.000371 1
0.000718 0
0.000417 1
0.000718 0
0.000719 1
0.00043 0
0.000323 1
0.00075 0
0.000394 1
0.000717 0
0.000724 1
0.000396 0
0.00072 1
0.000358 0
0.000394 1
0.000716 0
0.000394 1
0.000752 0
0.000323 1
0.000753 0
0.000753 1
0.000357 0
0.000407 1
0.000753 0
0.000681 1
0.00043 0
0.00036 1
0.000717 0
0.000752 1
0.000357 0
0.000358 1
0.000754 0
0.000731 1
0.00036 0
0.000396 1
0.00072 0
0.000369 1
0.00078 0
0.000309 1
0.000782 0
0.000735 1
0.000368 0
0.000703 1
0.000414 0
0.000701 1
0.000412 0
0.000712 1
0.000375 0
0.000753 1
0.000399 0
0.000691 1
0.000401 0
0.000728 1
0.000369 0
0.000733 1
0.000368 0
0.000732 1
0.000404 0
0.000731 1
0.000367 0
0.000366 1
0.000731 0
0.000698 1
0.000439 0
0.000687 1
0.000402 0
0.000366 1
0.000732 0
0.000384 1
0.015148 0
0.000356 1
0.000394 0
0.000322 1
0.000395 0
0.000394 1
0.000358 0
0.000358 1
0.000384 0
0.000397 1
0.00036 0
0.000323 1
0.00043 0
0.000322 1
0.000395 0
0.000359 1
0.00036 0
0.000394 1
0.000358 0
0.000394 1
0.000358 0
0.000324 1
0.00043 0
0.000321 1
0.003731 0
0.000753 1
0.000323 0
0.000393 1
0.000753 0
0.000694 1
0.00043 0
0.00032 1
0.000753 0
0.000751 1
0.000357 0
0.000358 1
0.000788 0
0.000717 1
0.000357 0
0.000392 1
0.000716 0
0.00037 1
0.000752 0
0.000682 1
0.000419 0
0.000394 1
0.000717 0
0.000395 1
0.000717 0
0.000716 1
0.000429 0
0.000358 1
0.000727 0
0.000754 1
0.000321 0
0.000358 1
0.000787 0
0.000321 1
0.000753 0
0.000394 1
0.000717 0
0.000744 1
0.000394 0
0.000336 1
0.000753 0
0.000394 1
0.000717 0
0.000393 1
0.000752 0
0.00068 1
0.000394 0
0.000393 1
0.000716 0
0.000765 1
0.000359 0
0.000721 1
0.000394 0
0.000754 1
0.000324 0
0.000395 1
0.000748 0
0.000682 1
0.000431 0
0.000719 1
0.000359 0
0.000407 1
0.000716 0
0.000394 1
0.000753 0
0.000323 1
0.000756 0
0.000755 1
0.00036 0
0.000357 1
0.000751 0
0.000323 1
0.000809 0
0.000712 1
0.000361 0
0.000755 1
0.000359 0
0.000359 1
0.000789 0
0.000323 1
0.000754 0
0.000358 1
0.000754 0
0.000696 1
0.000433 0
0.000323 1
0.000746 0
0.000755 1
0.00036 0
0.000396 1
0.000755 0
0.000679 1
0.000395 0
0.000396 1
0.000696 0
0.000786 1
0.000357 0
0.000322 1
0.000788 0
0.000357 1
0.000752 0
0.000356 1
0.000752 0
0.000716 1
0.000393 0
0.000728 1
0.000357 0
0.000751 1
0.000357 0
0.000744 1
0.000393 0
0.000716 1
0.000394 0
0.00075 1
0.000357 0
0.000728 1
0.000393 0
0.000682 1
0.000433 0
0.000718 1
0.000359 0
0.000753 1
0.000359 0
0.000357 1
0.000789 0
0.000718 1
0.000367 0
0.000745 1
0.000359 0
0.000394 1
0.000749 0
0.000321 1
0.015158 0
0.000395 1
0.000358 0
0.000379 1
0.000359 0
0.000395 1
0.000358 0
0.000322 1
0.000428 0
0.000325 1
0.000394 0
0.000396 1
0.000324 0
0.000395 1
0.000359 0
0.000394 1
0.000358 0
0.000322 1
0.000429 0
0.000322 1
0.000377 0
0.000394 1
0.00036 0
0.000394 1
0.003693 0
0.000727 1
0.000373 0
0.000358 1
0.000751 0
0.000751 1
0.000357 0
0.000393 1
0.000716 0
0.000714 1
0.000429 0
0.00036 1
0.000714 0
0.000765 1
0.000357 0
0.000324 1
0.000787 0
0.000322 1
0.000787 0
0.000719 1
0.000359 0
0.000393 1
0.000749 0
0.000323 1
0.000762 0
0.000751 1
0.000358 0
0.000393 1
0.000751 0
0.000681 1
0.000429 0
0.000358 1
0.000714 0
0.000393 1
0.000714 0
0.000358 1
0.000773 0
0.000751 1
0.000359 0
0.00036 1
0.000739 0
0.00036 1
0.000788 0
0.000324 1
0.000755 0
0.000752 1
0.000335 0
0.000395 1
0.000752 0
0.000683 1
0.000392 0
0.000753 1
0.000359 0
0.000753 1
0.000394 0
0.000323 1
0.000785 0
0.00073 1
0.000359 0
0.000752 1
0.000358 0
0.000323 1
0.000789 0
0.000322 1
0.000787 0
0.000358 1
0.000753 0
0.000717 1
0.000405 0
0.000324 1
0.000755 0
0.000395 1
0.000716 0
0.000761 1
0.000396 0
0.000682 1
0.000396 0
0.000359 1
0.000756 0
0.00036 1
0.000751 0
0.000325 1
0.00079 0
0.000716 1
0.000358 0
0.000396 1
0.000717 0
0.000716 1
0.000432 0
0.000324 1
0.000773 0
0.000722 1
0.000359 0
0.000394 1
0.000748 0
0.000681 1
0.000394 0
0.000394 1
0.000717 0
0.000393 1
0.000752 0
0.000323 1
0.000804 0
0.000715 1
0.000358 0
0.000752 1
0.00036 0
0.000702 1
0.00043 0
0.000715 1
0.000358 0
0.000753 1
0.000356 0
0.000723 1
0.000424 0
0.000692 1
0.000394 0
0.000755 1
0.000358 0
0.000752 1
0.000359 0
0.000716 1
0.000394 0
0.000357 1
0.000743 0
0.000755 1
0.000356 0
0.000643 1
0.000494 0
0.00036 1
0.000717 0
0.000393 1
0.01515 0
0.000359 1
0.000393 0
0.000321 1
0.000428 0
0.000323 1
0.000393 0
0.000394 1
0.000318 0
0.000403 1
0.000359 0
0.000359 1
0.000393 0
0.000323 1
0.000442 0
0.000323 1
0.000357 0
0.000394 1
0.000358 0
0.000394 1
0.000358 0
0.000357 1
0.000396 0
0.000323 1
0.003765 0
0.000713 1
0.000364 0
0.000393 1
0.000717 0
0.000716 1
0.000392 0
0.000324 1
0.000789 0
0.000729 1
0.000358 0
0.000394 1
0.00075 0
0.000682 1
0.00043 0
0.000359 1
0.000716 0
0.000394 1
0.000715 0
0.000716 1
0.000438 0
0.000326 1
0.000755 0
0.00036 1
0.000755 0
0.000718 1
0.000394 0
0.000323 1
0.000752 0
0.000753 1
0.000358 0
0.000394 1
0.000762 0
0.000323 1
0.000753 0
0.000397 1
0.000725 0
0.000706 1
0.000425 0
0.000323 1
0.000788 0
0.000359 1
0.000716 0
0.000384 1
0.000718 0
0.000716 1
0.00043 0
0.000321 1
0.000752 0
0.000754 1
0.000358 0
0.000717 1
0.00043 0
0.000697 1
0.000396 0
0.000358 1
0.000722 0
0.000754 1
0.000395 0
0.000683 1
0.000431 0
0.000345 1
0.000735 0
0.000367 1
0.00075 0
0.000349 1
0.000764 0
0.000722 1
0.000362 0
0.000394 1
0.000722 0
0.00036 1
0.000795 0
0.000721 1
0.000356 0
0.000759 1
0.000358 0
0.000361 1
0.000762 0
0.000323 1
0.000756 0
0.000399 1
0.000717 0
0.000756 1
0.00036 0
0.000325 1
0.000799 0
0.000711 1
0.000361 0
0.000398 1
0.00072 0
0.000724 1
0.000424 0
0.000324 1
0.000759 0
0.000756 1
0.00036 0
0.00036 1
0.000779 0
0.00029 1
0.000795 0
0.000359 1
0.000728 0
0.000755 1
0.000396 0
0.000685 1
0.000398 0
0.000758 1
0.000363 0
0.00074 1
0.000345 0
0.000722 1
0.000432 0
0.000719 1
0.000359 0
0.000757 1
0.000358 0
0.000718 1
0.000398 0
0.000724 1
0.00038 0
0.000723 1
0.000359 0
0.000396 1
0.000762 0
0.000687 1
0.000396 0
0.000757 1
0.000339 0
0.00037 1
0.000761 0
0.000327 1
0.015258 0
0.000303 1
0.000361 0
0.000397 1
0.000361 0
0.000362 1
0.000361 0
0.000358 1
0.000398 0
0.000344 1
0.000423 0
0.000327 1
0.000364 0
0.000397 1
0.000361 0
0.000364 1
0.000362 0
0.000361 1
0.0004 0
0.000327 1
0.000436 0
0.000326 1
0.000362 0
0.000399 1
0.003677 0
0.000759 1
0.00035 0
0.000363 1
0.00076 0
0.000722 1
0.00036 0
0.000396 1
0.000747 0
0.000687 1
0.000432 0
0.000327 1
0.00076 0
0.000759 1
0.000361 0
0.000361 1
0.00076 0
0.000324 1
0.000772 0
0.000734 1
0.00035 0
0.000401 1
0.000721 0
0.000326 1
0.000792 0
0.000724 1
0.000394 0
0.00036 1
0.000721 0
0.000706 1
0.000435 0
0.000329 1
0.000762 0
0.000362 1
0.000759 0
0.000362 1
0.00076 0
0.000688 1
0.00038 0
0.000405 1
0.000725 0
0.000354 1
0.00076 0
0.000327 1
0.000796 0
0.00073 1
0.000366 0
0.000362 1
0.000725 0
0.000725 1
0.000436 0
0.000688 1
0.000385 0
0.000725 1
0.000364 0
0.000399 1
0.000737 0
0.000728 1
0.000355 0
0.000769 1
0.000357 0
0.000394 1
0.000753 0
0.000323 1
0.000749 0
0.000395 1
0.000716 0
0.000751 1
0.000358 0
0.000357 1
0.000787 0
0.000358 1
0.000716 0
0.000753 1
0.000369 0
0.00072 1
0.000394 0
0.000323 1
0.000754 0
0.000395 1
0.000717 0
0.000393 1
0.000754 0
0.000707 1
0.000394 0
0.000358 1
0.000732 0
0.000753 1
0.000394 0
0.000324 1
0.000755 0
0.000756 1
0.000369 0
0.000361 1
0.000717 0
0.000718 1
0.000419 0
0.000359 1
0.000718 0
0.000395 1
0.000717 0
0.000394 1
0.000752 0
0.000717 1
0.000359 0
0.000751 1
0.000358 0
0.000728 1
0.000431 0
0.000682 1
0.000394 0
0.000752 1
0.00036 0
0.000753 1
0.000393 0
0.000683 1
0.00043 0
0.000718 1
0.000333 0
0.000755 1
0.00036 0
0.000717 1
0.000431 0
0.000323 1
0.000753 0
0.000753 1
0.000358 0
0.000717 1
0.00043 0
0.000322 1
0.000767 0
0.000359 1
0.015146 0
0.000394 1
0.000358 0
0.00036 1
0.000395 0
0.000324 1
0.000408 0
0.000371 1
0.000359 0
0.000401 1
0.000324 0
0.000394 1
0.00036 0
0.000358 1
0.000395 0
0.000324 1
0.000431 0
0.000359 1
0.000359 0
0.000394 1
0.000324 0
0.000396 1
0.000358 0
0.00034 1
0.003732 0
0.000718 1
0.000403 0
0.000359 1
0.00073 0
0.000757 1
0.00036 0
0.00036 1
0.000757 0
0.000755 1
0.000359 0
0.000359 1
0.000719 0
0.000718 1
0.000431 0
0.000323 1
0.000769 0
0.000396 1
0.000718 0
0.00072 1
0.000394 0
0.000323 1
0.000755 0
0.000396 1
0.000718 0
0.000754 1
0.000367 0
0.000363 1
0.000754 0
0.000754 1
0.000358 0
0.000359 1
0.000718 0
0.000359 1
0.000788 0
0.000324 1
0.000753 0
0.00076 1
0.000355 0
0.000397 1
0.000754 0
0.000322 1
0.000752 0
0.000394 1
0.00072 0
0.000754 1
0.000395 0
0.000324 1
0.000765 0
0.000719 1
0.000357 0
0.000753 1
0.000359 0
0.000718 1
0.000431 0
0.000358 1
0.000706 0
0.000759 1
0.000358 0
0.000732 1
0.000397 0
0.000323 1
0.000758 0
0.000395 1
0.000721 0
0.000396 1
0.000755 0
0.000684 1
0.000397 0
0.000396 1
0.000727 0
0.000362 1
0.000754 0
0.000684 1
0.000422 0
0.000719 1
0.000358 0
0.000394 1
0.000719 0
0.000359 1
0.000789 0
0.000324 1
0.000768 0
0.000755 1
0.000359 0
0.000359 1
0.000754 0
0.000716 1
0.000396 0
0.00036 1
0.000719 0
0.000755 1
0.000398 0
0.000295 1
0.000789 0
0.000753 1
0.000359 0
0.000357 1
0.000752 0
0.000323 1
0.000826 0
0.000323 1
0.000751 0
0.000748 1
0.000359 0
0.000717 1
0.000395 0
0.000754 1
0.000358 0
0.000754 1
0.000352 0
0.000722 1
0.000395 0
0.000681 1
0.000393 0
0.000775 1
0.000358 0
0.000751 1
0.000393 0
0.000679 1
0.000429 0
0.000717 1
0.000358 0
0.000358 1
0.000752 0
0.000693 1
0.00043 0
0.000717 1
0.000359 0
0.000392 1
0.000717 0
0.000394 1
0.01516 0
0.000325 1
0.00043 0
0.000359 1
0.000358 0
0.000394 1
0.000358 0
0.000357 1
0.000359 0
0.000358 1
0.000428 0
0.000323 1
0.000396 0
0.000359 1
0.000357 0
0.000394 1
0.000359 0
0.000373 1
0.000345 0
0.000359 1
0.000431 0
0.000323 1
0.000396 0
0.000358 1
0.003675 0
0.000791 1
0.000322 0
0.000414 1
0.000717 0
0.000717 1
0.000395 0
0.000395 1
0.000719 0
0.000752 1
0.000359 0
0.000323 1
0.000806 0
0.000717 1
0.00036 0
0.000395 1
0.000717 0
0.00036 1
0.000753 0
0.000754 1
0.000358 0
0.00039 1
0.00072 0
0.000357 1
0.000783 0
0.000656 1
0.000412 0
0.000384 1
0.000739 0
0.000719 1
0.000396 0
0.000326 1
0.000758 0
0.000395 1
0.000713 0
0.000371 1
0.00076 0
0.000684 1
0.000437 0
0.000325 1
0.000757 0
0.000395 1
0.000717 0
0.000359 1
0.000788 0
0.000704 1
0.000358 0
0.000396 1
0.000717 0
0.000716 1
0.00043 0
0.000682 1
0.000394 0
0.000751 1
0.000358 0
0.000393 1
0.000732 0
0.000712 1
0.000396 0
0.000719 1
0.000393 0
0.000358 1
0.000754 0
0.000324 1
0.000791 0
0.000324 1
0.000753 0
0.000767 1
0.000359 0
0.000357 1
0.000788 0
0.000286 1
0.000787 0
0.000754 1
0.000359 0
0.000752 1
0.000393 0
0.000285 1
0.000797 0
0.000359 1
0.000717 0
0.000394 1
0.000751 0
0.000681 1
0.00043 0
0.000358 1
0.00072 0
0.000761 1
0.00038 0
0.00032 1
0.000798 0
0.000717 1
0.000358 0
0.000405 1
0.000719 0
0.000714 1
0.000431 0
0.000286 1
0.000788 0
0.000358 1
0.000731 0
0.000394 1
0.000751 0
0.00068 1
0.000429 0
0.000715 1
0.000358 0
0.000753 1
0.000357 0
0.000718 1
0.000429 0
0.000734 1
0.000358 0
0.000754 1
0.000358 0
0.000718 1
0.000394 0
0.000716 1
0.000395 0
0.000749 1
0.000357 0
0.000715 1
0.000409 0
0.000322 1
0.000774 0
0.000755 1
0.000357 0
0.000753 1
0.000358 0
0.000321 1
0.000788 0
0.000359 1
0.015148 0
0.000395 1
0.000359 0
0.000394 1
0.000323 0
0.000359 1
0.00043 0
0.000323 1
0.000395 0
0.000395 1
0.000318 0
0.000395 1
0.000373 0
0.00036 1
0.000358 0
0.000359 1
0.000395 0
0.000358 1
0.000394 0
0.000359 1
0.00036 0
0.000393 1
0.000359 0
0.000392 1
0.003657 0
0.000713 1
0.000428 0
0.000318 1
0.000751 0
0.000785 1
0.000357 0
0.000357 1
0.000764 0
0.000682 1
0.000392 0
0.000389 1
0.000716 0
0.000752 1
0.000395 0
0.000321 1
0.000788 0
0.000366 1
0.000719 0
0.000741 1
0.000357 0
0.000361 1
0.000788 0
0.000323 1
0.000755 0
0.000753 1
0.000356 0
0.000393 1
0.00075 0
0.000718 1
0.000371 0
0.000394 1
0.000716 0
0.000358 1
0.000753 0
0.000323 1
0.000787 0
0.00075 1
0.000359 0
0.000385 1
0.000716 0
0.000331 1
0.00079 0
0.000357 1
0.000749 0
0.000752 1
0.000357 0
0.000321 1
0.000787 0
0.000749 1
0.000357 0
0.000754 1
0.000334 0
0.00072 1
0.000434 0
0.000324 1
0.000752 0
0.000753 1
0.000359 0
0.000755 1
0.000395 0
0.000288 1
0.00079 0
0.000372 1
0.000718 0
0.000395 1
0.000717 0
0.000719 1
0.000431 0
0.000324 1
0.000754 0
0.000394 1
0.000717 0
0.000719 1
0.000406 0
0.000747 1
0.00036 0
0.000359 1
0.000742 0
0.000361 1
0.000754 0
0.000323 1
0.000791 0
0.000753 1
0.000359 0
0.000369 1
0.000756 0
0.000682 1
0.00043 0
0.000358 1
0.000718 0
0.000753 1
0.000359 0
0.000354 1
0.000791 0
0.000718 1
0.000335 0
0.000394 1
0.000752 0
0.000358 1
0.000752 0
0.000323 1
0.000752 0
0.000754 1
0.000358 0
0.000753 1
0.000395 0
0.000692 1
0.000396 0
0.000752 1
0.00036 0
0.000763 1
0.000359 0
0.000687 1
0.000432 0
0.000722 1
0.000363 0
0.000757 1
0.000336 0
0.000722 1
0.000431 0
0.00072 1
0.00036 0
0.000396 1
0.00072 0
0.00072 1
0.000397 0
0.000685 1
0.000397 0
0.000398 1
0.00072 0
0.000396 1
0.015132 0
0.000361 1
0.000394 0
0.000324 1
0.000397 0
0.000396 1
0.000335 0
0.000396 1
0.00036 0
0.000396 1
0.00035 0
0.000327 1
0.000431 0
0.000325 1
0.000397 0
0.000394 1
0.000324 0
0.000396 1
0.00036 0
0.000395 1
0.00036 0
0.000324 1
0.000441 0
0.000289 1
0.00377 0
0.000718 1
0.000359 0
0.000382 1
0.000734 0
0.000719 1
0.00036 0
0.000356 1
0.000756 0
0.000758 1
0.00036 0
0.000396 1
0.000758 0
0.00072 1
0.00036 0
0.000395 1
0.000695 0
0.000396 1
0.000753 0
0.000682 1
0.000396 0
0.000359 1
0.00075 0
0.000394 1
0.000753 0
0.000683 1
0.000407 0
0.00036 1
0.000753 0
0.000753 1
0.000323 0
0.000377 1
0.000787 0
0.000324 1
0.000754 0
0.000395 1
0.000718 0
0.000693 1
0.000432 0
0.000323 1
0.00075 0
0.000402 1
0.000722 0
0.000382 1
0.000755 0
0.000679 1
0.000438 0
0.000349 1
0.000717 0
0.000752 1
0.000358 0
0.000719 1
0.00043 0
0.000718 1
0.00036 0
0.000396 1
0.00072 0
0.000715 1
0.000398 0
0.000722 1
0.000376 0
0.000397 1
0.000722 0
0.000361 1
0.000756 0
0.000324 1
0.000756 0
0.000755 1
0.00036 0
0.000395 1
0.000754 0
0.000302 1
0.000794 0
0.000719 1
0.000359 0
0.000758 1
0.000361 0
0.000361 1
0.000789 0
0.000325 1
0.000755 0
0.000361 1
0.00073 0
0.00072 1
0.000431 0
0.000324 1
0.000755 0
0.000755 1
0.000359 0
0.000395 1
0.000719 0
0.000719 1
0.000395 0
0.000371 1
0.000718 0
0.000757 1
0.00036 0
0.000361 1
0.000753 0
0.000362 1
0.000757 0
0.000359 1
0.00072 0
0.00072 1
0.000444 0
0.000719 1
0.00036 0
0.000753 1
0.000358 0
0.000721 1
0.000395 0
0.000711 1
0.000396 0
0.000755 1
0.000324 0
0.000766 1
0.000393 0
0.00068 1
0.000437 0
0.000705 1
0.000354 0
0.000763 1
0.000362 0
0.00036 1
0.000757 0
0.000757 1
0.000324 0
0.000766 1
0.00036 0
0.000397 1
0.000755 0
0.000287 1
0.015191 0
0.000398 1
0.000324 0
0.000411 1
0.000361 0
0.000396 1
0.000362 0
0.000324 1
0.000397 0
0.000325 1
0.000395 0
0.00039 1
0.000362 0
0.000396 1
0.00036 0
0.000361 1
0.000396 0
0.000325 1
0.000396 0
0.000336 1
0.000398 0
0.000361 1
0.000361 0
0.000395 1
0.003671 0
0.000757 1
0.000369 0
0.000358 1
0.000756 0
0.000754 1
0.000359 0
0.000359 1
0.000755 0
0.000682 1
0.000431 0
0.000359 1
0.000717 0
0.000768 1
0.00036 0
0.00036 1
0.000755 0
0.000324 1
0.000756 0
0.000755 1
0.000359 0
0.000395 1
0.00075 0
0.000324 1
0.000767 0
0.000754 1
0.000359 0
0.000361 1
0.000755 0
0.000683 1
0.000432 0
0.000359 1
0.000718 0
0.000395 1
0.000718 0
0.000334 1
0.000793 0
0.000754 1
0.000324 0
0.000396 1
0.000718 0
0.000395 1
0.000754 0
0.000322 1
0.000757 0
0.000753 1
0.000373 0
0.000361 1
0.000757 0
0.000682 1
0.000395 0
0.000753 1
0.000376 0
0.000759 1
0.000359 0
0.000324 1
0.000792 0
0.000736 1
0.000359 0
0.000755 1
0.000359 0
0.000323 1
0.00079 0
0.000322 1
0.000754 0
0.000396 1
0.000718 0
0.000719 1
0.000444 0
0.000287 1
0.000791 0
0.000359 1
0.000755 0
0.000719 1
0.000396 0
0.000713 1
0.000397 0
0.00036 1
0.00072 0
0.000406 1
0.000722 0
0.000324 1
0.00079 0
0.000757 1
0.000324 0
0.000396 1
0.00072 0
0.000721 1
0.000431 0
0.000324 1
0.000768 0
0.000756 1
0.000324 0
0.000396 1
0.000749 0
0.000683 1
0.000395 0
0.000394 1
0.000719 0
0.000395 1
0.000753 0
0.000331 1
0.000794 0
0.000718 1
0.00036 0
0.000756 1
0.000325 0
0.00072 1
0.000431 0
0.000721 1
0.00036 0
0.000749 1
0.000374 0
0.00072 1
0.000397 0
0.000682 1
0.000397 0
0.000757 1
0.00036 0
0.000741 1
0.000398 0
0.000686 1
0.000433 0
0.000325 1
0.000736 0
0.000758 1
0.000362 0
0.000721 1
0.000432 0
0.000325 1
0.000753 0
0.000362 1
0.01516 0
0.000396 1
0.00036 0
0.000323 1
0.000432 0
0.000325 1
0.000395 0
0.000361 1
0.000359 0
0.000395 1
0.000359 0
0.000388 1
0.000361 0
0.000324 1
0.000445 0
0.000289 1
0.000397 0
0.000397 1
0.000362 0
0.000361 1
0.00036 0
0.000396 1
0.000396 0
0.0003 1
0.003765 0
0.000711 1
0.000375 0
0.000369 1
0.000723 0
0.000714 1
0.000435 0
0.000309 1
0.000758 0
0.000758 1
0.000338 0
0.000397 1
0.000758 0
0.000685 1
0.000433 0
0.000326 1
0.000757 0
0.000359 1
0.000719 0
0.000718 1
0.000432 0
0.000324 1
0.000748 0
0.000396 1
0.000721 0
0.000721 1
0.000433 0
0.000289 1
0.000793 0
0.000755 1
0.000324 0
0.000396 1
0.000769 0
0.000288 1
0.000792 0
0.000359 1
0.000757 0
0.000719 1
0.000396 0
0.000323 1
0.000814 0
0.000323 1
0.000719 0
0.000395 1
0.000731 0
0.00072 1
0.000433 0
0.000288 1
0.000794 0
0.000722 1
0.000358 0
0.00072 1
0.000431 0
0.000684 1
0.000406 0
0.000361 1
0.000755 0
0.000748 1
0.000373 0
0.000683 1
0.000432 0
0.000359 1
0.000719 0
0.000396 1
0.000721 0
0.000325 1
0.000807 0
0.00072 1
0.00036 0
0.000394 1
0.000721 0
0.00036 1
0.00079 0
0.0007 1
0.000363 0
0.00075 1
0.000378 0
0.000363 1
0.000758 0
0.000323 1
0.000756 0
0.000396 1
0.000721 0
0.000756 1
0.000361 0
0.000325 1
0.000794 0
0.000733 1
0.000361 0
0.000361 1
0.000756 0
0.000685 1
0.000431 0
0.000325 1
0.00075 0
0.000757 1
0.000359 0
0.000396 1
0.000766 0
0.000291 1
0.000758 0
0.000396 1
0.000721 0
0.000758 1
0.000398 0
0.000687 1
0.000433 0
0.000721 1
0.000358 0
0.000733 1
0.000361 0
0.000719 1
0.000425 0
0.000719 1
0.000359 0
0.000754 1
0.000359 0
0.000716 1
0.00043 0
0.000682 1
0.000394 0
0.000743 1
0.000359 0
0.000361 1
0.000792 0
0.000647 1
0.000432 0
0.000721 1
0.000359 0
0.000396 1
0.000751 0
0.000322 1
0.015195 0
0.000359 1
0.000358 0
0.000395 1
0.000359 0
0.000393 1
0.000358 0
0.000358 1
0.000394 0
0.000322 1
0.000407 0
0.000357 1
0.000355 0
0.000396 1
0.000359 0
0.000359 1
0.000359 0
0.000361 1
0.000431 0
0.000324 1
0.000396 0
0.000361 1
0.000359 0
0.000396 1
0.00367 0
0.000753 1
0.000358 0
0.000358 1
0.000782 0
0.000718 1
0.000381 0
0.00036 1
0.000751 0
0.000702 1
0.000408 0
0.000337 1
0.00074 0
0.000746 1
0.000362 0
0.000397 1
0.000759 0
0.00029 1
0.000787 0
0.000748 1
0.000374 0
0.000375 1
0.000713 0
0.000342 1
0.000821 0
0.000719 1
0.000325 0
0.000395 1
0.000725 0
0.000733 1
0.00043 0
0.000287 1
0.000791 0
0.000357 1
0.00075 0
0.000358 1
0.000789 0
0.000681 1
0.000397 0
0.000359 1
0.000741 0
0.000371 1
0.000754 0
0.000323 1
0.000791 0
0.000716 1
0.000359 0
0.000395 1
0.000716 0
0.000717 1
0.00043 0
0.000709 1
0.000359 0
0.000755 1
0.00036 0
0.000395 1
0.000753 0
0.000685 1
0.000394 0
0.000754 1
0.00036 0
0.00036 1
0.000756 0
0.000336 1
0.000753 0
0.000396 1
0.000717 0
0.000753 1
0.000358 0
0.000358 1
0.000791 0
0.000324 1
0.000752 0
0.00074 1
0.000359 0
0.000718 1
0.000429 0
0.000323 1
0.000752 0
0.000395 1
0.000717 0
0.000395 1
0.000753 0
0.000684 1
0.000396 0
0.000372 1
0.000719 0
0.000753 1
0.000395 0
0.000322 1
0.00079 0
0.000718 1
0.000358 0
0.000394 1
0.00071 0
0.000715 1
0.000431 0
0.000323 1
0.000751 0
0.000393 1
0.000714 0
0.000393 1
0.000751 0
0.000682 1
0.000396 0
0.000753 1
0.000357 0
0.000765 1
0.000395 0
0.000682 1
0.000395 0
0.000753 1
0.000353 0
0.000755 1
0.000358 0
0.000683 1
0.000466 0
0.000694 1
0.00036 0
0.000755 1
0.000359 0
0.000717 1
0.000431 0
0.000286 1
0.000786 0
0.000752 1
0.000357 0
0.000728 1
0.000393 0
0.000339 1
0.000753 0
0.000395 1
0.015143 0
0.000393 1
0.000358 0
0.000324 1
0.00043 0
0.000325 1
0.000429 0
0.000322 1
0.00036 0
0.000397 1
0.000359 0
0.000395 1
0.000354 0
0.000323 1
0.000433 0
0.000323 1
0.000431 0
0.000357 1
0.000324 0
0.000395 1
0.000358 0
0.000394 1
0.000334 0
0.00036 1
0.003771 0
0.000645 1
0.000431 0
0.000358 1
0.000724 0
0.000753 1
0.000358 0
0.000359 1
0.00079 0
0.000717 1
0.000358 0
0.000394 1
0.000715 0
0.000715 1
0.000441 0
0.000288 1
0.000787 0
0.000359 1
0.000752 0
0.000717 1
0.00043 0
0.000287 1
0.000781 0
0.000361 1
0.000752 0
0.000729 1
0.000393 0
0.000321 1
0.000821 0
0.00068 1
0.000359 0
0.000393 1
0.000716 0
0.000356 1
0.000824 0
0.000287 1
0.00076 0
0.000757 1
0.000358 0
0.000394 1
0.000748 0
0.000324 1
0.000755 0
0.000393 1
0.000717 0
0.000753 1
0.000394 0
0.000288 1
0.00079 0
0.000754 1
0.00036 0
0.000718 1
0.000393 0
0.000681 1
0.000464 0
0.000324 1
0.000752 0
0.000717 1
0.000351 0
0.000733 1
0.000431 0
0.000324 1
0.000756 0
0.000395 1
0.000718 0
0.000358 1
0.000789 0
0.00068 1
0.000397 0
0.000359 1
0.000732 0
0.000396 1
0.000756 0
0.000685 1
0.000432 0
0.000719 1
0.000352 0
0.00036 1
0.000757 0
0.000323 1
0.000843 0
0.000289 1
0.000757 0
0.000756 1
0.000361 0
0.000358 1
0.000793 0
0.000649 1
0.000395 0
0.000397 1
0.000719 0
0.000767 1
0.000397 0
0.000288 1
0.000789 0
0.000723 1
0.000394 0
0.00036 1
0.000752 0
0.000323 1
0.000825 0
0.000321 1
0.000717 0
0.000766 1
0.000358 0
0.000717 1
0.000431 0
0.000719 1
0.000359 0
0.000752 1
0.000357 0
0.000717 1
0.000423 0
0.000665 1
0.000395 0
0.000774 1
0.000357 0
0.000717 1
0.000433 0
0.000647 1
0.000466 0
0.000682 1
0.000396 0
0.00036 1
0.000717 0
0.000728 1
0.000432 0
0.000718 1
0.000358 0
0.00036 1
0.000754 0
0.000361 1
0.015217 0
0.000261 1
0.000487 0
0.000302 1
0.000373 0
0.000374 1
0.000373 0
0.000377 1
0.000375 0
0.000299 1
0.000454 0
0.000289 1
0.000455 0
0.000344 1
0.00036 0
0.000359 1
0.000359 0
0.000391 1
0.000358 0
0.000359 1
0.000431 0
0.000287 1
0.00043 0
0.000359 1
0.003673 0
0.000756 1
0.00035 0
0.000395 1
0.000794 0
0.000649 1
0.000396 0
0.000394 1
0.00072 0
0.000755 1
0.000395 0
0.000287 1
0.000838 0
0.000681 1
0.00036 0
0.000395 1
0.000717 0
0.00036 1
0.00079 0
0.000718 1
0.00036 0
0.000359 1
0.000728 0
0.000394 1
0.00079 0
0.000647 1
0.000393 0
0.000395 1
0.000719 0
0.000756 1
0.00043 0
0.000253 1
0.000825 0
0.00036 1
0.000696 0
0.000394 1
0.000718 0
0.000719 1
0.000466 0
0.000287 1
0.000753 0
0.000391 1
0.000719 0
0.000394 1
0.000765 0
0.000683 1
0.000395 0
0.000359 1
0.000751 0
0.000717 1
0.000429 0
0.000647 1
0.000433 0
0.000715 1
0.000359 0
0.000394 1
0.000769 0
0.000683 1
0.000455 0
0.000691 1
0.000361 0
0.000361 1
0.000755 0
0.000325 1
0.000826 0
0.000287 1
0.000764 0
0.000756 1
0.000359 0
0.000388 1
0.000754 0
0.000287 1
0.000787 0
0.000754 1
0.000358 0
0.000753 1
0.000394 0
0.000282 1
0.000802 0
0.00036 1
0.000753 0
0.000359 1
0.000755 0
0.000679 1
0.000467 0
0.000285 1
0.000789 0
0.000719 1
0.000369 0
0.000363 1
0.000788 0
0.000681 1
0.000395 0
0.000357 1
0.000753 0
0.000711 1
0.00043 0
0.000287 1
0.000787 0
0.000394 1
0.000728 0
0.000358 1
0.000789 0
0.000644 1
0.000468 0
0.000683 1
0.000359 0
0.000753 1
0.000358 0
0.000718 1
0.000445 0
0.000718 1
0.000358 0
0.000744 1
0.000358 0
0.000717 1
0.00043 0
0.000681 1
0.000395 0
0.000753 1
0.000358 0
0.000733 1
0.000431 0
0.000286 1
0.000788 0
0.000718 1
0.000357 0
0.000752 1
0.000359 0
0.000359 1
0.000825 0
0.000282 1
0.015194 0
0.000361 1
0.000359 0
0.000396 1
0.00036 0
0.000324 1
0.000467 0
0.000287 1
0.000432 0
0.000359 1
0.000323 0
0.000384 1
0.000381 0
0.000347 1
0.000379 0
0.000337 1
0.000484 0
0.000255 1
0.000411 0
0.000375 1
0.000369 0
0.000373 1
0.000376 0
0.000362 1
0.003681 0
0.000704 1
0.000489 0
0.000258 1
0.000756 0
0.000759 1
0.00036 0
0.000395 1
0.000787 0
0.000646 1
0.000396 0
0.000396 1
0.000717 0
0.000755 1
0.000396 0
0.000289 1
0.000827 0
0.000324 1
0.000723 0
0.000747 1
0.000359 0
0.00036 1
0.000827 0
0.000257 1
0.00078 0
0.000754 1
0.000361 0
0.000394 1
0.000789 0
0.000645 1
0.000407 0
0.00036 1
0.000752 0
0.000359 1
0.00079 0
0.000289 1
0.000755 0
0.000756 1
0.00036 0
0.000397 1
0.000753 0
0.000285 1
0.000849 0
0.000324 1
0.000718 0
0.000754 1
0.000358 0
0.00036 1
0.00079 0
0.000717 1
0.000359 0
0.000753 1
0.000369 0
0.000685 1
0.000468 0
0.000287 1
0.000753 0
0.000752 1
0.000358 0
0.000756 1
0.000394 0
0.000322 1
0.000791 0
0.000359 1
0.000701 0
0.000396 1
0.000719 0
0.000717 1
0.000432 0
0.000323 1
0.000757 0
0.000394 1
0.000718 0
0.00072 1
0.000446 0
0.000683 1
0.000359 0
0.000397 1
0.000718 0
0.000394 1
0.000755 0
0.000287 1
0.000791 0
0.000754 1
0.00036 0
0.00036 1
0.000768 0
0.000682 1
0.000465 0
0.000323 1
0.000705 0
0.000756 1
0.000359 0
0.000359 1
0.000825 0
0.00068 1
0.000359 0
0.000407 1
0.000719 0
0.000358 1
0.000791 0
0.000287 1
0.000758 0
0.000791 1
0.000323 0
0.000752 1
0.000432 0
0.000659 1
0.000431 0
0.00072 1
0.000359 0
0.00072 1
0.000396 0
0.000682 1
0.000467 0
0.000685 1
0.000368 0
0.000761 1
0.00036 0
0.000706 1
0.000431 0
0.000684 1
0.000396 0
0.000359 1
0.000758 0
0.000721 1
0.00043 0
0.000646 1
0.000397 0
0.000397 1
0.000706 0
0.000398 1
0.015161 0
0.000321 1
0.000431 0
0.000324 1
0.000394 0
0.000395 1
0.000323 0
0.000408 1
0.000361 0
0.000359 1
0.000395 0
0.000324 1
0.000432 0
0.000278 1
0.000402 0
0.000396 1
0.000361 0
0.000397 1
0.000324 0
0.000397 1
0.000397 0
0.000289 1
0.000467 0
0.000299 1
0.003743 0
0.000715 1
0.000359 0
0.000394 1
0.000717 0
0.000726 1
0.00043 0
0.000287 1
0.000788 0
0.000754 1
0.000358 0
0.00036 1
0.000788 0
0.000647 1
0.000395 0
0.000396 1
0.000729 0
0.000396 1
0.000751 0
0.000681 1
0.000395 0
0.000393 1
0.000718 0
0.000386 1
0.000717 0
0.000715 1
0.00043 0
0.000336 1
0.000717 0
0.000787 1
0.000358 0
0.000324 1
0.000823 0
0.000286 1
0.000754 0
0.000394 1
0.000717 0
0.000729 1
0.000431 0
0.000289 1
0.000789 0
0.000386 1
0.000721 0
0.000396 1
0.000773 0
0.000645 1
0.000466 0
0.000324 1
0.000716 0
0.000769 1
0.000359 0
0.000682 1
0.000466 0
0.000717 1
0.000358 0
0.000359 1
0.000717 0
0.000717 1
0.000467 0
0.000655 1
0.000398 0
0.000394 1
0.000715 0
0.000396 1
0.000754 0
0.000287 1
0.000785 0
0.000753 1
0.000358 0
0.000395 1
0.000717 0
0.000335 1
0.000826 0
0.000682 1
0.000358 0
0.000753 1
0.000357 0
0.000359 1
0.00083 0
0.000287 1
0.000752 0
0.000396 1
0.00073 0
0.000681 1
0.000466 0
0.000287 1
0.000789 0
0.000752 1
0.000322 0
0.000394 1
0.000787 0
0.000645 1
0.000466 0
0.000336 1
0.000717 0
0.00075 1
0.000359 0
0.000323 1
0.00086 0
0.000252 1
0.000789 0
0.000395 1
0.000718 0
0.000692 1
0.000467 0
0.000683 1
0.000359 0
0.000754 1
0.000359 0
0.000756 1
0.000416 0
0.000646 1
0.000431 0
0.000748 1
0.000359 0
0.000739 1
0.000396 0
0.000647 1
0.000466 0
0.000719 1
0.000359 0
0.000754 1
0.000358 0
0.000322 1
0.000825 0
0.00069 1
0.000361 0
0.000754 1
0.00036 0
0.000394 1
0.000755 0
0.000288 1
0.0152 0
0.000394 1
0.000351 0
0.000395 1
0.000324 0
0.000395 1
0.000395 0
0.000287 1
0.000467 0
0.000287 1
0.000395 0
0.000395 1
0.000359 0
0.000396 1
0.000337 0
0.000397 1
0.000395 0
0.000288 1
0.000446 0
0.00029 1
0.000396 0
0.000396 1
0.000359 0
0.000396 1
0.003664 0
0.00077 1
0.000395 0
0.000287 1
0.000788 0
0.000742 1
0.000324 0
0.000395 1
0.000719 0
0.000718 1
0.000466 0
0.000286 1
0.000753 0
0.000766 1
0.000358 0
0.000359 1
0.000787 0
0.000287 1
0.000789 0
0.000755 1
0.000358 0
0.000394 1
0.000753 0
0.000286 1
0.000767 0
0.000751 1
0.000358 0
0.000393 1
0.000753 0
0.000694 1
0.00043 0
0.000358 1
0.000718 0
0.000359 1
0.000751 0
0.000337 1
0.000828 0
0.000682 1
0.000358 0
0.000395 1
0.000719 0
0.000393 1
0.000752 0
0.000286 1
0.000787 0
0.000763 1
0.000358 0
0.000358 1
0.00079 0
0.000643 1
0.00043 0
0.000751 1
0.000359 0
0.000751 1
0.000358 0
0.000322 1
0.000833 0
0.000687 1
0.000358 0
0.00075 1
0.000357 0
0.000357 1
0.000825 0
0.000286 1
0.000736 0
0.000396 1
0.000717 0
0.000727 1
0.000468 0
0.000252 1
0.000791 0
0.000396 1
0.000716 0
0.000753 1
0.000395 0
0.000679 1
0.00043 0
0.00036 1
0.000713 0
0.000371 1
0.000751 0
0.000322 1
0.000825 0
0.000716 1
0.000322 0
0.000393 1
0.00075 0
0.000679 1
0.000466 0
0.000286 1
0.000762 0
0.000752 1
0.000359 0
0.000393 1
0.000788 0
0.000637 1
0.000429 0
0.000358 1
0.000716 0
0.000394 1
0.000762 0
0.000326 1
0.000824 0
0.000679 1
0.000355 0
0.000752 1
0.00036 0
0.000716 1
0.000465 0
0.00068 1
0.000357 0
0.000763 1
0.000359 0
0.000716 1
0.000431 0
0.000645 1
0.000433 0
0.000752 1
0.000358 0
0.000752 1
0.000393 0
0.000644 1
0.000486 0
0.000322 1
0.000716 0
0.000753 1
0.000357 0
0.000717 1
0.000466 0
0.00025 1
0.000789 0
0.00038 1
0.01513 0
0.000402 1
0.0004 0
0.000288 1
0.000471 0
0.000289 1
0.000397 0
0.000361 1
0.000362 0
0.000371 1
0.000369 0
0.000377 1
0.000443 0
0.000259 1
0.000454 0
0.000299 1
0.000405 0
0.000349 1
0.000382 0
0.000402 1
0.000324 0
0.000396 1
0.000394 0
0.000287 1
0.003785 0
0.00068 1
0.000393 0
0.000392 1
0.000715 0
0.000737 1
0.000421 0
0.000287 1
0.000754 0
0.000778 1
0.000358 0
0.000394 1
0.000717 0
0.00068 1
0.000465 0
0.000321 1
0.000715 0
0.000429 1
0.000712 0
0.000689 1
0.000444 0
0.000323 1
0.000752 0
0.000393 1
0.000727 0
0.000717 1
0.000431 0
0.000286 1
0.000753 0
0.000787 1
0.000358 0
0.000393 1
0.000731 0
0.000323 1
0.000787 0
0.000357 1
0.000716 0
0.000787 1
0.000323 0
0.000358 1
0.000822 0
0.000286 1
0.000759 0
0.000393 1
0.000716 0
0.000717 1
0.000429 0
0.000322 1
0.000749 0
0.000751 1
0.000357 0
0.000715 1
0.00043 0
0.000667 1
0.000396 0
0.000397 1
0.000721 0
0.000754 1
0.000397 0
0.000679 1
0.000433 0
0.000361 1
0.000719 0
0.000396 1
0.000698 0
0.000361 1
0.000793 0
0.000719 1
0.000359 0
0.000396 1
0.000716 0
0.000394 1
0.000754 0
0.000646 1
0.000396 0
0.0008 1
0.000324 0
0.000396 1
0.000788 0
0.000289 1
0.000757 0
0.000395 1
0.000719 0
0.000757 1
0.000359 0
0.000325 1
0.000822 0
0.000715 1
0.000324 0
0.000394 1
0.000718 0
0.000716 1
0.000478 0
0.000254 1
0.000792 0
0.000752 1
0.00036 0
0.000396 1
0.000771 0
0.000288 1
0.000754 0
0.000394 1
0.000719 0
0.000753 1
0.000395 0
0.000684 1
0.000431 0
0.000719 1
0.000333 0
0.000757 1
0.00036 0
0.000719 1
0.000468 0
0.000678 1
0.000363 0
0.000757 1
0.000361 0
0.000686 1
0.000469 0
0.000663 1
0.000395 0
0.000756 1
0.000359 0
0.00036 1
0.00079 0
0.000647 1
0.000431 0
0.000754 1
0.000324 0
0.000395 1
0.000726 0
0.000327 1
0.015247 0
0.000288 1
0.000396 0
0.000396 1
0.00036 0
0.000395 1
0.000324 0
0.000394 1
0.000415 0
0.000287 1
0.000431 0
0.000324 1
0.000396 0
0.000396 1
0.000323 0
0.000392 1
0.000359 0
0.000359 1
0.000432 0
0.000288 1
0.000431 0
0.000324 1
0.000359 0
0.000433 1
0.003643 0
0.000793 1
0.000323 0
0.00036 1
0.000792 0
0.000696 1
0.000369 0
0.000394 1
0.00072 0
0.000717 1
0.000433 0
0.000287 1
0.000791 0
0.000756 1
0.000361 0
0.000395 1
0.000755 0
0.0003 1
0.000791 0
0.000718 1
0.00036 0
0.000397 1
0.000717 0
0.000324 1
0.000821 0
0.000719 1
0.000358 0
0.000395 1
0.000694 0
0.00072 1
0.000431 0
0.000323 1
0.000754 0
0.000394 1
0.000719 0
0.000395 1
0.000754 0
0.000683 1
0.000394 0
0.000393 1
0.000683 0
0.000396 1
0.000749 0
0.000324 1
0.000824 0
0.000717 1
0.000324 0
0.000396 1
0.000717 0
0.00073 1
0.000434 0
0.000718 1
0.000357 0
0.000753 1
0.000358 0
0.000395 1
0.000756 0
0.000648 1
0.000397 0
0.000793 1
0.000316 0
0.000409 1
0.000756 0
0.000289 1
0.000794 0
0.00036 1
0.000718 0
0.000792 1
0.000324 0
0.00036 1
0.000791 0
0.000322 1
0.000734 0
0.000791 1
0.000323 0
0.00072 1
0.000469 0
0.000287 1
0.000752 0
0.000396 1
0.000719 0
0.000397 1
0.000753 0
0.000659 1
0.000396 0
0.000395 1
0.000718 0
0.000755 1
0.000395 0
0.000323 1
0.00079 0
0.000717 1
0.000358 0
0.000395 1
0.000731 0
0.000684 1
0.00046 0
0.000287 1
0.000792 0
0.000361 1
0.000719 0
0.000396 1
0.000793 0
0.000645 1
0.000395 0
0.000769 1
0.00036 0
0.000752 1
0.000396 0
0.000646 1
0.00043 0
0.000754 1
0.000324 0
0.00079 1
0.000321 0
0.00072 1
0.000447 0
0.000692 1
0.000376 0
0.000741 1
0.000368 0
0.000703 1
0.000452 0
0.000302 1
0.000751 0
0.000743 1
0.00038 0
0.000719 1
0.000451 0
0.000289 1
0.000756 0
0.000397 1
0.015117 0
0.000395 1
0.00036 0
0.00036 1
0.000409 0
0.000322 1
0.000429 0
0.000323 1
0.000358 0
0.000397 1
0.000358 0
0.000394 1
0.000324 0
0.00036 1
0.000432 0
0.000322 1
0.000432 0
0.00036 1
0.000324 0
0.000396 1
0.000336 0
0.000397 1
0.00034 0
0.000364 1
0.003772 0
0.000647 1
0.000467 0
0.000335 1
0.00072 0
0.000755 1
0.000358 0
0.000324 1
0.000825 0
0.000721 1
0.000324 0
0.000433 1
0.000684 0
0.000729 1
0.000433 0
0.000287 1
0.000789 0
0.000394 1
0.000719 0
0.000753 1
0.000396 0
0.000288 1
0.000791 0
0.000359 1
0.000745 0
0.000734 1
0.00036 0
0.000323 1
0.000828 0
0.000717 1
0.00036 0
0.000396 1
0.000683 0
0.00036 1
0.000826 0
0.000287 1
0.000767 0
0.000756 1
0.00036 0
0.000396 1
0.000759 0
0.000288 1
0.000751 0
0.000398 1
0.00072 0
0.000792 1
0.00036 0
0.000312 1
0.000828 0
0.000685 1
0.00036 0
0.000755 1
0.000359 0
0.000719 1
0.000431 0
0.000287 1
0.000756 0
0.000767 1
0.00036 0
0.00072 1
0.000448 0
0.000288 1
0.000757 0
0.000396 1
0.000721 0
0.000395 1
0.000792 0
0.000649 1
0.000398 0
0.000372 1
0.000717 0
0.000396 1
0.000753 0
0.000683 1
0.000431 0
0.000721 1
0.00036 0
0.000395 1
0.000712 0
0.000325 1
0.000838 0
0.000288 1
0.000756 0
0.000756 1
0.00036 0
0.000395 1
0.000755 0
0.000684 1
0.000395 0
0.000395 1
0.00072 0
0.000732 1
0.000429 0
0.000288 1
0.000791 0
0.000716 1
0.000349 0
0.000398 1
0.000718 0
0.000359 1
0.000825 0
0.000288 1
0.000768 0
0.000753 1
0.000323 0
0.000718 1
0.000467 0
0.00068 1
0.00036 0
0.000754 1
0.00036 0
0.000754 1
0.000431 0
0.000657 1
0.00039 0
0.000757 1
0.00036 0
0.000756 1
0.000396 0
0.00065 1
0.000468 0
0.000684 1
0.000359 0
0.000397 1
0.000698 0
0.000723 1
0.000484 0
0.00069 1
0.000324 0
0.000374 1
0.000764 0
0.000377 1
0.015206 0
0.000288 1
0.000432 0
0.000359 1
0.000324 0
0.000396 1
0.00036 0
0.000397 1
0.000324 0
0.00036 1
0.000433 0
0.000288 1
0.000466 0
0.000325 1
0.000359 0
0.000395 1
0.000344 0
0.000397 1
0.000325 0
0.000361 1
0.000432 0
0.000289 1
0.000468 0
0.000362 1
0.003632 0
0.000791 1
0.000324 0
0.000396 1
0.000792 0
0.000647 1
0.000427 0
0.000362 1
0.00072 0
0.000756 1
0.00036 0
0.000336 1
0.000795 0
0.000722 1
0.000342 0
0.000403 1
0.00072 0
0.00036 1
0.000793 0
0.000717 1
0.00036 0
0.000397 1
0.000699 0
0.000397 1
0.000787 0
0.00065 1
0.000397 0
0.000397 1
0.000686 0
0.000794 1
0.000361 0
0.000324 1
0.000793 0
0.000375 1
0.000687 0
0.000397 1
0.000719 0
0.00072 1
0.000432 0
0.000288 1
0.000788 0
0.000396 1
0.000683 0
0.000431 1
0.000771 0
0.000648 1
0.000395 0
0.000395 1
0.000722 0
0.000756 1
0.000396 0
0.000648 1
0.000432 0
0.000756 1
0.000323 0
0.000397 1
0.000733 0
0.000685 1
0.00047 0
0.000721 1
0.000324 0
0.000394 1
0.000721 0
0.00036 1
0.000792 0
0.00029 1
0.000769 0
0.000757 1
0.000359 0
0.000396 1
0.000756 0
0.000287 1
0.00079 0
0.000756 1
0.000359 0
0.000755 1
0.000397 0
0.000287 1
0.000831 0
0.000327 1
0.000719 0
0.000396 1
0.000704 0
0.00072 1
0.000468 0
0.000288 1
0.000757 0
0.000755 1
0.000343 0
0.000397 1
0.000757 0
0.000684 1
0.000396 0
0.000395 1
0.000719 0
0.00072 1
0.000396 0
0.000318 1
0.000794 0
0.00036 1
0.00073 0
0.000395 1
0.000757 0
0.000683 1
0.000431 0
0.000719 1
0.000359 0
0.000755 1
0.000324 0
0.00072 1
0.000478 0
0.000683 1
0.000359 0
0.000362 1
