0.01554 0
0.00038 1
0.00038 0
0.000345 1
0.000414 0
0.000347 1
0.000381 0
0.000392 1
0.00038 0
0.000379 1
0.000383 0
0.000381 1
0.000381 0
0.000379 1
0.00038 0
0.000379 1
0.000381 0
0.000345 1
0.000415 0
0.000346 1
0.000415 0
0.000345 1
0.000393 0
0.00038 1
0.003789 0
0.00076 1
0.000379 0
0.000348 1
0.000775 0
0.00038 1
0.00076 0
0.00076 1
0.000379 0
0.00038 1
0.00076 0
0.00076 1
0.00038 0
0.000379 1
0.000778 0
0.000727 1
0.000381 0
0.00076 1
0.00038 0
0.00038 1
0.00076 0
0.000379 1
0.000759 0
0.000726 1
0.000393 0
0.000382 1
0.00076 0
0.000761 1
0.000381 0
0.000759 1
0.000379 0
0.000371 1
0.000763 0
0.000759 1
0.000389 0
0.000724 1
0.000413 0
0.000723 1
0.000413 0
0.000724 1
0.000413 0
0.000344 1
0.000793 0
0.000724 1
0.000426 0
0.000727 1
0.000383 0
0.000762 1
0.000379 0
0.000376 1
0.00076 0
0.000759 1
0.00038 0
0.000761 1
0.000381 0
0.000737 1
0.00038 0
0.000379 1
0.00076 0
0.000381 1
0.00076 0
0.000381 1
0.00076 0
0.00038 1
0.00076 0
0.000353 1
0.00079 0
0.000725 1
0.000413 0
0.000345 1
0.000795 0
0.000724 1
0.000417 0
0.000345 1
0.000792 0
0.000734 1
0.000382 0
0.00076 1
0.000379 0
0.000378 1
0.000758 0
0.00076 1
0.00038 0
0.000346 1
0.000788 0
0.00038 1
0.000772 0
0.000346 1
0.000793 0
0.000346 1
0.000761 0
0.00038 1
0.000761 0
0.00076 1
0.00038 0
0.000761 1
0.000393 0
0.000345 1
0.000795 0
0.000346 1
0.00076 0
0.000381 1
0.000756 0
0.00038 1
0.000759 0
0.00038 1
0.000769 0
0.00038 1
0.000759 0
0.000757 1
0.00038 0
0.000346 1
0.000794 0
0.000726 1
0.000415 0
0.000346 1
0.000793 0
0.000741 1
0.000382 0
0.000759 1
0.000381 0
0.000727 1
0.000415 0
0.000346 1
0.000796 0
0.000725 1
0.000414 0
0.000736 1
0.00038 0
0.000758 1
0.00038 0
0.000379 1
0.015525 0
0.000382 1
0.000381 0
0.000381 1
0.000381 0
0.000346 1
0.000416 0
0.000345 1
0.000416 0
0.000343 1
0.000415 0
0.000345 1
0.000414 0
0.000347 1
0.000414 0
0.000356 1
0.000379 0
0.00038 1
0.00038 0
0.000382 1
0.000379 0
0.000373 1
0.000379 0
0.000379 1
0.003774 0
0.00076 1
0.00038 0
0.000379 1
0.000759 0
0.000379 1
0.000759 0
0.000758 1
0.00038 0
0.000391 1
0.000755 0
0.000759 1
0.00038 0
0.00038 1
0.000759 0
0.000724 1
0.000415 0
0.000727 1
0.000414 0
0.000347 1
0.000772 0
0.000379 1
0.000761 0
0.000759 1
0.00038 0
0.00038 1
0.00076 0
0.00075 1
0.00038 0
0.000737 1
0.000417 0
0.000346 1
0.000763 0
0.000759 1
0.000379 0
0.000761 1
0.00038 0
0.00076 1
0.00038 0
0.00076 1
0.000363 0
0.000381 1
0.00076 0
0.000759 1
0.00038 0
0.000759 1
0.00038 0
0.000757 1
0.00038 0
0.00038 1
0.000773 0
0.000725 1
0.000415 0
0.000725 1
0.000414 0
0.000725 1
0.000379 0
0.000379 1
0.000758 0
0.00038 1
0.000759 0
0.00039 1
0.000756 0
0.000379 1
0.000759 0
0.00038 1
0.00076 0
0.000726 1
0.000412 0
0.000345 1
0.000794 0
0.000738 1
0.000379 0
0.00038 1
0.00076 0
0.000757 1
0.000378 0
0.00076 1
0.00038 0
0.000368 1
0.00076 0
0.000774 1
0.000382 0
0.000379 1
0.00076 0
0.000346 1
0.000794 0
0.000344 1
0.000794 0
0.000344 1
0.000793 0
0.000345 1
0.000771 0
0.000759 1
0.000379 0
0.000759 1
0.000378 0
0.000379 1
0.000755 0
0.000379 1
0.000759 0
0.00038 1
0.000771 0
0.000346 1
0.000797 0
0.000345 1
0.00076 0
0.000381 1
0.000762 0
0.000759 1
0.000381 0
0.000381 1
0.000761 0
0.000739 1
0.000415 0
0.000331 1
0.000799 0
0.000725 1
0.000415 0
0.000724 1
0.000415 0
0.000725 1
0.000413 0
0.000357 1
0.00076 0
0.000759 1
0.000381 0
0.000759 1
0.000379 0
0.000759 1
0.00038 0
0.000345 1
