0.015171 0
0.000362 1
0.000365 0
0.000363 1
0.000399 0
0.000326 1
0.000399 0
0.000364 1
0.000364 0
0.000363 1
0.000401 0
0.000328 1
0.000399 0
0.00033 1
0.000412 0
0.000364 1
0.000363 0
0.000362 1
0.000399 0
0.000327 1
0.0004 0
0.000363 1
0.000364 0
0.000363 1
0.003727 0
0.000728 1
0.000363 0
0.000726 1
0.000399 0
0.000386 1
0.000733 0
0.000726 1
0.000362 0
0.000738 1
0.000381 0
0.000726 1
0.000363 0
0.000364 1
0.000765 0
0.000726 1
0.000364 0
0.000363 1
0.000762 0
0.000725 1
0.0004 0
0.000712 1
0.000399 0
0.000327 1
0.000754 0
0.000724 1
0.000399 0
0.000725 1
0.000399 0
0.000689 1
0.000399 0
0.000724 1
0.000404 0
0.000327 1
0.000762 0
0.000363 1
0.000764 0
0.000326 1
0.000762 0
0.000364 1
0.000766 0
0.000692 1
0.000399 0
0.000736 1
0.000363 0
0.000363 1
0.000761 0
0.000723 1
0.000398 0
0.000726 1
0.000361 0
0.000726 1
0.000398 0
0.000699 1
0.000397 0
0.000345 1
0.000781 0
0.000342 1
0.000748 0
0.000727 1
0.000413 0
0.000682 1
0.000419 0
0.000346 1
0.000765 0
0.000328 1
0.00076 0
0.000729 1
0.000401 0
0.000328 1
0.000763 0
0.000363 1
0.000764 0
0.000726 1
0.000364 0
0.00073 1
0.000399 0
0.000333 1
0.000771 0
0.000326 1
0.000763 0
0.000364 1
0.000762 0
0.000725 1
0.0004 0
0.000327 1
0.000763 0
0.000725 1
0.000375 0
0.000365 1
0.000763 0
0.000724 1
0.000399 0
0.000326 1
0.000767 0
0.000715 1
0.0004 0
0.000326 1
0.000761 0
0.000366 1
0.000751 0
0.000363 1
0.000764 0
0.00069 1
0.000401 0
0.000725 1
0.000399 0
0.000726 1
0.0004 0
0.000689 1
0.000401 0
0.000704 1
0.000399 0
0.000731 1
0.000399 0
0.000689 1
0.0004 0
0.000727 1
0.000399 0
0.00069 1
0.000398 0
0.000724 1
0.000411 0
0.000327 1
0.000766 0
0.000724 1
0.000399 0
0.000687 1
0.000401 0
0.000363 1
0.000761 0
0.000327 1
0.015199 0
0.000326 1
0.000398 0
0.000363 1
0.000398 0
0.000327 1
0.0004 0
0.000362 1
0.000364 0
0.000364 1
0.000399 0
0.000326 1
0.00041 0
0.000327 1
0.000398 0
0.000362 1
0.000398 0
0.000325 1
0.000399 0
0.000362 1
0.000363 0
0.000364 1
0.0004 0
0.000327 1
0.003715 0
0.000726 1
0.000401 0
0.00073 1
0.000364 0
0.000363 1
0.000758 0
0.000726 1
0.000399 0
0.000703 1
0.0004 0
0.000728 1
0.000363 0
0.000364 1
0.000764 0
0.00069 1
0.0004 0
0.000362 1
0.000762 0
0.000701 1
0.0004 0
0.000729 1
0.0004 0
0.000328 1
0.00076 0
0.000728 1
0.0004 0
0.000691 1
0.0004 0
0.000727 1
0.000401 0
0.000701 1
0.0004 0
0.000325 1
0.000761 0
0.000361 1
0.00076 0
0.000363 1
0.000767 0
0.000327 1
0.000761 0
0.000723 1
0.000375 0
0.000724 1
0.0004 0
0.000362 1
0.000761 0
0.000689 1
0.000399 0
0.000725 1
0.000399 0
0.000726 1
0.000364 0
0.00074 1
0.0004 0
0.000325 1
0.000762 0
0.000362 1
0.000761 0
0.000687 1
0.000401 0
0.000726 1
0.000399 0
0.000326 1
0.000774 0
0.000337 1
0.000798 0
0.00068 1
0.000412 0
0.000335 1
0.000758 0
0.000337 1
0.000793 0
0.000697 1
0.000402 0
0.000732 1
0.000368 0
0.000364 1
0.000786 0
0.000315 1
0.000752 0
0.000346 1
0.000793 0
0.000696 1
0.000384 0
0.000369 1
0.000761 0
0.000722 1
0.000399 0
0.000326 1
0.00076 0
0.000728 1
0.0004 0
0.000328 1
0.000764 0
0.000722 1
0.000405 0
0.000328 1
0.000764 0
0.000342 1
0.000763 0
0.000366 1
0.000762 0
0.000726 1
0.000363 0
0.000728 1
0.000399 0
0.000726 1
0.000362 0
0.000738 1
0.0004 0
0.000692 1
0.0004 0
0.000723 1
0.000402 0
0.000692 1
0.0004 0
0.000725 1
0.000399 0
0.000723 1
0.000364 0
0.000742 1
0.0004 0
0.000328 1
0.000766 0
0.00073 1
0.000364 0
0.000728 1
0.000402 0
0.000328 1
0.000765 0
0.000364 1
