0.015527 0
0.000415 1
0.000313 0
0.00045 1
0.000312 0
0.000414 1
0.000415 0
0.000277 1
0.000463 0
0.000311 1
0.00038 0
0.000452 1
0.000313 0
0.000416 1
0.000347 0
0.000415 1
0.000381 0
0.000312 1
0.000449 0
0.000312 1
0.000381 0
0.00045 1
0.000311 0
0.000439 1
0.003703 0
0.000449 1
0.000759 0
0.000709 1
0.000362 0
0.000796 1
0.000345 0
0.000415 1
0.000761 0
0.000312 1
0.000796 0
0.000796 1
0.000304 0
0.000415 1
0.000761 0
0.000706 1
0.000448 0
0.000346 1
0.000726 0
0.000415 1
0.000726 0
0.000347 1
0.000831 0
0.000765 1
0.000316 0
0.000426 1
0.000692 0
0.000763 1
0.000451 0
0.000682 1
0.00039 0
0.000798 1
0.000312 0
0.00045 1
0.000763 0
0.000675 1
0.000382 0
0.000832 1
0.000311 0
0.000798 1
0.000381 0
0.000692 1
0.000451 0
0.000762 1
0.000311 0
0.000415 1
0.000706 0
0.000767 1
0.000451 0
0.000727 1
0.000346 0
0.000797 1
0.000311 0
0.000382 1
0.000833 0
0.000728 1
0.000325 0
0.000802 1
0.000348 0
0.000417 1
0.000765 0
0.000697 1
0.000383 0
0.000418 1
0.000729 0
0.000412 1
0.000766 0
0.000287 1
0.000797 0
0.000416 1
0.000692 0
0.0008 1
0.000415 0
0.000661 1
0.000451 0
0.000381 1
0.000694 0
0.000428 1
0.00073 0
0.000728 1
0.000451 0
0.000727 1
0.000345 0
0.000792 1
0.000346 0
0.000729 1
0.000451 0
0.000738 1
0.000347 0
0.000796 1
0.000347 0
0.000728 1
0.000451 0
0.000311 1
0.000762 0
0.000414 1
0.000726 0
0.000808 1
0.000381 0
0.000311 1
0.000792 0
0.000381 1
0.000727 0
0.0008 1
0.000348 0
0.000728 1
0.000448 0
0.000725 1
0.000358 0
0.000762 1
0.000346 0
0.000728 1
0.000485 0
0.000726 1
0.000346 0
0.000794 1
0.000348 0
0.000726 1
0.000452 0
0.000696 1
0.000381 0
0.000795 1
0.000346 0
0.000726 1
0.000515 0
0.000223 1
0.000799 0
0.000781 1
0.000358 0
0.000747 1
0.000508 0
0.000182 1
0.015538 0
0.000415 1
0.000348 0
0.000416 1
0.000324 0
0.000416 1
0.000415 0
0.000278 1
0.000485 0
0.000277 1
0.00038 0
0.00045 1
0.000311 0
0.000451 1
0.000311 0
0.000417 1
0.000414 0
0.000277 1
0.000485 0
0.000274 1
0.000399 0
0.000415 1
0.000346 0
0.00042 1
0.003738 0
0.000415 1
0.000775 0
0.000659 1
0.000415 0
0.000797 1
0.000313 0
0.000451 1
0.00079 0
0.000248 1
0.000799 0
0.000798 1
0.000324 0
0.000416 1
0.000761 0
0.000692 1
0.00045 0
0.000382 1
0.000691 0
0.000415 1
0.000728 0
0.000346 1
0.000843 0
0.00073 1
0.000346 0
0.000416 1
0.00072 0
0.00073 1
0.000487 0
0.000692 1
0.000348 0
0.000798 1
0.000346 0
0.000395 1
0.000797 0
0.000662 1
0.000416 0
0.000794 1
0.000311 0
0.000828 1
0.000381 0
0.000656 1
0.000449 0
0.000772 1
0.000344 0
0.000415 1
0.000697 0
0.00073 1
0.000452 0
0.000762 1
0.000311 0
0.0008 1
0.000347 0
0.000381 1
0.000808 0
0.000726 1
0.000346 0
0.000797 1
0.000347 0
0.000415 1
0.000797 0
0.000653 1
0.000381 0
0.00045 1
0.000706 0
0.000415 1
0.000761 0
0.000312 1
0.000761 0
0.000415 1
0.000726 0
0.000795 1
0.000379 0
0.000691 1
0.000462 0
0.000348 1
0.000728 0
0.000414 1
0.000725 0
0.00072 1
0.000485 0
0.000727 1
0.000434 0
0.000694 1
0.000345 0
0.00071 1
0.000518 0
0.000658 1
0.00038 0
0.000761 1
0.000345 0
0.000726 1
0.000517 0
0.000242 1
0.000795 0
0.000415 1
0.000705 0
0.000811 1
0.000417 0
0.000277 1
0.000796 0
0.000381 1
0.000726 0
0.000797 1
0.000381 0
0.000695 1
0.000498 0
0.000694 1
0.000346 0
0.000763 1
0.000347 0
0.000728 1
0.000521 0
0.000691 1
0.000346 0
0.000797 1
0.00032 0
0.000731 1
0.000483 0
0.000691 1
0.000379 0
0.000795 1
0.000312 0
0.000762 1
0.000449 0
0.000276 1
0.000793 0
0.000807 1
0.000311 0
0.000796 1
0.000414 0
0.000277 1
