0.01518 0
0.000363 1
0.000364 0
0.000364 1
0.000338 0
0.000426 1
0.000376 0
0.000313 1
0.000415 0
0.000365 1
0.000365 0
0.000363 1
0.000365 0
0.000364 1
0.000416 0
0.000313 1
0.000416 0
0.000311 1
0.000415 0
0.000364 1
0.000365 0
0.000382 1
0.000365 0
0.000368 1
0.003681 0
0.000365 1
0.000778 0
0.000726 1
0.000362 0
0.000364 1
0.000779 0
0.000675 1
0.000432 0
0.000697 1
0.000392 0
0.000728 1
0.000364 0
0.000365 1
0.000761 0
0.000364 1
0.000728 0
0.000365 1
0.000782 0
0.000675 1
0.000414 0
0.000724 1
0.000397 0
0.000715 1
0.000406 0
0.000696 1
0.000382 0
0.000348 1
0.000765 0
0.00073 1
0.000382 0
0.000731 1
0.00038 0
0.000346 1
0.000764 0
0.00074 1
0.000386 0
0.000692 1
0.000415 0
0.00035 1
0.000765 0
0.000347 1
0.000761 0
0.000694 1
0.000417 0
0.000346 1
0.00074 0
0.000347 1
0.000761 0
0.000344 1
0.000763 0
0.000726 1
0.000416 0
0.000694 1
0.000414 0
0.000694 1
0.000382 0
0.00075 1
0.00038 0
0.000345 1
0.000764 0
0.000727 1
0.00038 0
0.000727 1
0.000382 0
0.000345 1
0.000763 0
0.000732 1
0.000383 0
0.000345 1
0.000763 0
0.000347 1
0.000763 0
0.000728 1
0.000382 0
0.000728 1
0.000381 0
0.000347 1
0.00075 0
0.000346 1
0.000797 0
0.000312 1
0.000795 0
0.000693 1
0.000416 0
0.000346 1
0.000762 0
0.000691 1
0.000426 0
0.000318 1
0.000792 0
0.000694 1
0.000415 0
0.000311 1
0.000794 0
0.000693 1
0.000414 0
0.000351 1
0.000762 0
0.000348 1
0.000741 0
0.000348 1
0.000764 0
0.000729 1
0.000382 0
0.000728 1
0.000381 0
0.000726 1
0.000378 0
0.000728 1
0.000391 0
0.000727 1
0.000387 0
0.000729 1
0.000383 0
0.000694 1
0.000417 0
0.000726 1
0.000383 0
0.000694 1
0.000426 0
0.000695 1
0.000414 0
0.000347 1
0.000761 0
0.000691 1
0.000411 0
0.000695 1
0.000416 0
0.000346 1
0.000763 0
0.000346 1
0.015188 0
0.000346 1
0.000381 0
0.000346 1
0.000416 0
0.000346 1
0.000377 0
0.000347 1
0.00039 0
0.000352 1
0.000383 0
0.000347 1
0.000417 0
0.000347 1
0.000382 0
0.000336 1
0.0004 0
0.000346 1
0.000384 0
0.000346 1
0.000415 0
0.000347 1
0.000382 0
0.000347 1
0.003718 0
0.000346 1
0.000762 0
0.000728 1
0.000382 0
0.000348 1
0.000776 0
0.000692 1
0.000416 0
0.000693 1
0.000416 0
0.000693 1
0.000415 0
0.000347 1
0.000761 0
0.000346 1
0.000739 0
0.000346 1
0.00077 0
0.000729 1
0.000382 0
0.000728 1
0.00038 0
0.000733 1
0.00038 0
0.000729 1
0.000381 0
0.000367 1
0.000763 0
0.000694 1
0.000416 0
0.000712 1
0.0004 0
0.000346 1
0.000761 0
0.000693 1
0.000393 0
0.000741 1
0.000382 0
0.000346 1
0.000764 0
0.000347 1
0.000763 0
0.000695 1
0.000417 0
0.000348 1
0.000763 0
0.000346 1
0.000742 0
0.000346 1
0.000764 0
0.000728 1
0.000382 0
0.000728 1
0.00038 0
0.000729 1
0.000381 0
0.000726 1
0.000382 0
0.000358 1
0.000779 0
0.000715 1
0.000387 0
0.000727 1
0.000383 0
0.000348 1
0.000762 0
0.000695 1
0.000416 0
0.000347 1
0.00074 0
0.000346 1
0.000796 0
0.000696 1
0.000415 0
0.000696 1
0.000382 0
0.000346 1
0.000796 0
0.000313 1
0.000777 0
0.000346 1
0.000764 0
0.000728 1
0.000381 0
0.000345 1
0.000763 0
0.000728 1
0.000381 0
0.000346 1
0.00076 0
0.000741 1
0.000383 0
0.000347 1
0.000763 0
0.000728 1
0.000381 0
0.000346 1
0.000763 0
0.000348 1
0.000764 0
0.000347 1
0.000775 0
0.000711 1
0.000398 0
0.0007 1
0.000382 0
0.000729 1
0.000412 0
0.000692 1
0.000416 0
0.000694 1
0.000393 0
0.000729 1
0.000381 0
0.000728 1
0.000381 0
0.000729 1
0.000381 0
0.000729 1
0.000381 0
0.000727 1
0.000381 0
0.000358 1
0.000762 0
0.000727 1
0.000375 0
0.000729 1
0.00038 0
0.000347 1
0.000762 0
0.000345 1
