0.015871 0
0.000346 1
0.000418 0
0.000347 1
0.000417 0
0.000383 1
0.000417 0
0.000348 1
0.000417 0
0.000349 1
0.000417 0
0.000347 1
0.000419 0
0.000357 1
0.000417 0
0.000347 1
0.000409 0
0.000382 1
0.000416 0
0.000347 1
0.000417 0
0.000347 1
0.000418 0
0.000381 1
0.003862 0
0.000763 1
0.000417 0
0.000348 1
0.000799 0
0.000382 1
0.000794 0
0.00074 1
0.000416 0
0.00035 1
0.0008 0
0.000765 1
0.000382 0
0.000765 1
0.000416 0
0.000347 1
0.000799 0
0.000778 1
0.00038 0
0.000383 1
0.000798 0
0.000346 1
0.000797 0
0.000372 1
0.000801 0
0.000762 1
0.000381 0
0.000774 1
0.000379 0
0.000382 1
0.000799 0
0.000762 1
0.000382 0
0.000381 1
0.000838 0
0.000323 1
0.000797 0
0.000728 1
0.000433 0
0.000348 1
0.000804 0
0.00035 1
0.0008 0
0.000382 1
0.0008 0
0.000347 1
0.000797 0
0.000765 1
0.000397 0
0.000348 1
0.000799 0
0.000381 1
0.000801 0
0.000346 1
0.0008 0
0.000382 1
0.000764 0
0.000382 1
0.000806 0
0.00073 1
0.000417 0
0.000347 1
0.000797 0
0.000759 1
0.000417 0
0.000765 1
0.000382 0
0.000764 1
0.000428 0
0.000734 1
0.000419 0
0.000349 1
0.000804 0
0.000349 1
0.000804 0
0.000378 1
0.000769 0
0.000765 1
0.000418 0
0.000737 1
0.000413 0
0.000378 1
0.000792 0
0.000344 1
0.000792 0
0.000758 1
0.000415 0
0.000378 1
0.000792 0
0.000739 1
0.000415 0
0.00076 1
0.00041 0
0.000345 1
0.000796 0
0.00038 1
0.000796 0
0.000727 1
0.000415 0
0.000366 1
0.000798 0
0.000381 1
0.000796 0
0.000728 1
0.000416 0
0.000761 1
0.000416 0
0.000725 1
0.000415 0
0.000749 1
0.000414 0
0.000758 1
0.000413 0
0.000757 1
0.000413 0
0.000724 1
0.000414 0
0.000759 1
0.000414 0
0.000739 1
0.000413 0
0.000758 1
0.000414 0
0.000345 1
0.000794 0
0.00076 1
0.000414 0
0.000754 1
0.000415 0
0.000738 1
0.000414 0
0.000347 1
0.015868 0
0.000381 1
0.000415 0
0.000358 1
0.000422 0
0.000348 1
0.000416 0
0.000346 1
0.000415 0
0.000379 1
0.000381 0
0.00038 1
0.000414 0
0.000346 1
0.000415 0
0.000378 1
0.000381 0
0.00038 1
0.000426 0
0.000346 1
0.000416 0
0.000382 1
0.000388 0
0.000381 1
0.003858 0
0.000775 1
0.000382 0
0.000381 1
0.000794 0
0.00038 1
0.000762 0
0.000762 1
0.000415 0
0.00038 1
0.000762 0
0.000773 1
0.000414 0
0.000728 1
0.000414 0
0.000381 1
0.000795 0
0.000761 1
0.000382 0
0.000381 1
0.000794 0
0.00036 1
0.000795 0
0.000381 1
0.000759 0
0.00076 1
0.000415 0
0.00076 1
0.000415 0
0.000346 1
0.000797 0
0.000773 1
0.000381 0
0.000379 1
0.000794 0
0.000346 1
0.000795 0
0.000761 1
0.000415 0
0.00035 1
0.000793 0
0.00039 1
0.000765 0
0.000381 1
0.000796 0
0.00038 1
0.000761 0
0.000759 1
0.000416 0
0.000382 1
0.000792 0
0.000328 1
0.000825 0
0.000346 1
0.000834 0
0.000346 1
0.000795 0
0.000347 1
0.000794 0
0.000762 1
0.000415 0
0.000348 1
0.000801 0
0.000763 1
0.000416 0
0.000726 1
0.000414 0
0.000775 1
0.000379 0
0.000759 1
0.000415 0
0.00038 1
0.000775 0
0.000381 1
0.000796 0
0.000345 1
0.000797 0
0.000762 1
0.000415 0
0.000726 1
0.000416 0
0.000381 1
0.000774 0
0.000381 1
0.000823 0
0.000703 1
0.000416 0
0.000381 1
0.000797 0
0.000727 1
0.000419 0
0.00076 1
0.000426 0
0.000346 1
0.000798 0
0.000347 1
0.000796 0
0.000763 1
0.000415 0
0.000347 1
0.000796 0
0.00038 1
0.000777 0
0.000762 1
0.000416 0
0.000762 1
0.000416 0
0.000727 1
0.000416 0
0.000762 1
0.000415 0
0.000725 1
0.000425 0
0.000727 1
0.000416 0
0.000762 1
0.000415 0
0.000726 1
0.000416 0
0.000763 1
0.000415 0
0.000727 1
0.000424 0
0.000348 1
0.00083 0
0.000724 1
0.000415 0
0.000758 1
0.000413 0
0.000726 1
0.000415 0
0.000379 1
